6.79103581184
22.9811757619
11.2881433239
0.0
11.2603169463
1.15362479305
11.2125051574
0.0
0.0
10.692118471
1.15021961321
9.79714111128
1.45472903926
11.2459998712
1.15439078443
0.0
9.56591616921
0.0
11.2435556623
1.15367353796
0.0
11.2273862807
0.0
11.2393636004
1.15117362065
9.58430692578
0.0
9.95669015127
1.15319305246
0.0
11.2989368388
0.0
11.1671236502
0.126005581292
11.2433815734
1.15363872017
0.0
10.6729477959
0.0
0.0
11.2537154934
0.0
0.0
0.00400404582717
11.632003816
0.0
0.0
0.0
0.0
10.68599054
0.0
1.15313734399
0.0
0.0
11.2512086125
0.0
0.0
0.0
11.2356450605
0.0
0.0
1.15450220135
0.0
9.58286546928
0.0
0.0
0.0
10.9427717398
1.15135467316
0.0
0.0
0.0
9.81762093524
0.0
0.0
0.0
0.0
10.5743368517
1.15411920567
0.0
0.0
0.0
9.66841974238
0.0
0.0
0.0
9.96924544627
1.15168892394
0.0
0.0
0.0
10.5357030321
0.0
0.0
0.00401100938514
1.14804698313
11.2448926655
0.0
0.0
28.6314880339
12.454803165
0.0
0.0
11.2625302984
1.15346307079
11.2187961441
0.0
10.3001281587
1.15009890508
0.0
11.2461064832
0.0
11.2515880534
1.15516256652
11.1848619508
0.0
0.0
10.7780834703
1.15390884016
11.2254896498
0.0
11.2426865963
1.15184715683
0.0
11.2454935503
0.0
11.2728317499
1.15360237372
11.0180815201
0.0
11.2891580531
0.0
0.0
11.9854219486
0.0
0.0
11.2792605801
0.0
0.0
11.2541651576
0.0
0.0
1.1713843925
0.0
9.59165436157
0.0
0.0
0.0
10.6057657482
0.0
1.1529685454
0.0
0.0
9.57527930237
0.0
0.0
0.0
10.9721742401
0.0
1.15415262029
0.0
0.0
10.6480372217
0.0
0.0
0.0
0.0
11.1434123645
1.15119243306
0.0
0.0
9.83978073719
0.0
0.0
0.0
0.00403978491628
11.9065068398
0.0
0.0
0.0
0.0
10.2717242916
0.0
0.0
0.0
10.8354135904
1.15315660435
0.0
0.0
0.0
10.4556529128
0.0
0.0
0.0
1.15233471708
10.4406499875
0.0
0.0
9.56621764689
6.79103581184
22.9811757619
11.2881433239
0.0
11.2603169463
1.15362479305
11.2125051574
0.0
0.0
10.692118471
1.15021961321
9.79714111128
1.45472903926
11.2459998712
1.15439078443
0.0
9.56591616921
0.0
11.2435556623
1.15367353796
0.0
11.2273862807
0.0
11.2393636004
1.15117362065
9.58430692578
0.0
9.95669015127
1.15319305246
0.0
11.2989368388
0.0
11.1671236502
0.126005581292
11.2433815734
1.15363872017
0.0
10.6729477959
0.0
0.0
11.2537154934
0.0
0.0
0.00400404582717
11.632003816
0.0
0.0
0.0
0.0
10.68599054
0.0
1.15313734399
0.0
0.0
11.2512086125
0.0
0.0
0.0
11.2356450605
0.0
0.0
1.15450220135
0.0
9.58286546928
0.0
0.0
0.0
10.9427717398
1.15135467316
0.0
0.0
0.0
9.81762093524
0.0
0.0
0.0
0.0
10.5743368517
1.15411920567
0.0
0.0
0.0
9.66841974238
0.0
0.0
0.0
9.96924544627
1.15168892394
0.0
0.0
0.0
10.5357030321
0.0
0.0
0.00401100938514
1.14804698313
11.2448926655
0.0
0.0
6.75553231878
22.8560744492
11.2242591908
0.0
9.51682958857
1.14668164746
9.53025690388
0.0
11.1592900974
1.14434104273
0.0
11.184538159
0.0
11.1866433183
1.1470001913
11.189143195
0.0
0.0
11.1797392269
1.14596838626
11.1664850332
0.0
11.1849328764
1.14552519483
0.0
9.63434456575
0.0
9.53117791106
1.14693094264
11.2411904884
0.0
0.0
11.2276177509
0.0
11.0174480657
0.0
11.2163717684
0.0
0.0
0.0
9.97105925348
0.0
0.0
1.14631462956
11.1516173458
0.0
0.0
0.0
0.0
11.1789290175
0.0
1.14664702313
0.0
11.1908328623
0.0
0.0
0.0
0.0
11.1788112948
0.0
1.14883528081
0.0
0.0
11.1714986362
0.0
0.0
0.0
11.2325413306
1.14630770469
0.0
0.0
0.0
10.0655421261
0.0
0.0
0.0
8.8038315284
3.53096843386
0.0
0.0
3.70717165098
7.51287722126
0.0
0.0
0.0
0.0
11.1699751657
1.14688246858
0.0
0.0
1.00946542631
9.50909451317
0.0
0.0
7.65576490772
4.69368807114
0.0
0.0
0.0
34.2605408016
0.0
4.96159738458
5.85846549384
0.0
10.1612948547
0.0
9.26875436948
0.0
10.8439691312
0.0
0.0
11.6966658618
0.298794507686
10.8894596611
0.0
9.262421097
1.1142857864
0.0
10.166625303
0.0
9.2606846631
1.11267722941
10.8686628365
0.0
10.9026107923
1.11497228352
10.7314441763
0.0
0.0
10.9076585653
0.0
11.9858561402
0.0
10.8983975845
0.0
0.0
0.0
10.6903822258
0.0
0.00388342000079
1.10869958432
9.49673198765
0.0
0.0
0.0
10.8661524108
0.0
0.0
1.1142857864
0.0
10.8766652393
0.0
0.0
0.0
10.8066492631
0.0808451318016
0.00388342000079
1.11213206993
0.0
9.245056758
0.0
0.0
0.0
11.033253887
0.00421993819843
1.10931204744
0.0
0.0
10.8556059305
0.0
0.0
0.0
0.0
12.0025407124
0.0
0.0
0.0
10.9015070126
0.0
0.0
0.0
11.9761778768
0.0
0.0
0.0
10.8713819036
0.000336518197642
0.0
0.0
1.1138752342
8.42135443527
2.45572808657
0.0
0.0
10.8649409453
0.0
0.0
0.0
