64.2785723018
92.4623024355
2.68721500408
0.0
1.5518192198
0.0
6.22850490551
0.0
0.0
0.0
13.4447873961
0.0
0.277728550049
12.3467340177
0.0
0.0
6.36518629255
0.0
0.0
9.35617109303
0.274692322259
5.00943707538
0.0
0.0
15.8190408237
0.533276657081
0.0
0.0
8.88678945278
0.0
4.0506282994
0.0
0.0
0.0
2.87101225438
0.0
6.48727461002
0.0
0.0
0.0
5.20198505377
0.711295486488
0.0
0.0
12.6341976728
4.17265908835
0.0
0.0
14.2915817388
0.0
0.0
0.0
2.56807981763
9.37630607733
0.0
0.0
12.2303985528
0.559554409602
0.0
0.0
6.40886322833
0.0
0.0
6.72880493275
0.0
7.80896054742
0.0
0.0
0.277300282129
2.59119350119
0.0
4.52903552626
0.275401840753
0.0
0.0
7.62727267643
0.278732103235
0.0
0.0
15.5595360324
0.278687358825
0.00132954816935
0.0
8.62098209185
0.275203686939
0.0
0.0
5.97090494769
0.276277552768
0.0
5.92879406625
0.0
6.94548293201
0.0
0.0
0.0
30.2677329686
11.7514799613
13.7762795503
0.0
122.467478774
163.66175375
96.2437397228
47.1584482701
1.62439679184
6.54130004363
0.0
0.0
0.0
10.2378066378
0.0
0.0
13.543884023
0.0
0.0
0.570139937582
6.39439578509
0.0
9.21519514078
0.0
0.566287459311
5.2616329407
0.0
0.0
12.8324910232
0.0
0.0
0.000698010000336
9.80794657539
0.0
0.0
4.25349172791
0.567267357965
0.0
0.0
3.01489982885
0.570656733447
6.52111144669
0.0
0.0
0.569287559985
5.05102184637
0.0
0.0
0.0
19.7288365381
0.0
0.0
0.0
10.9641128897
0.0
0.0
0.0
12.0480687271
0.0
0.0
0.0
8.97598577133
0.0
0.0
0.0
0.0
7.29976173697
0.0
7.06778079801
0.0
0.566623041042
8.19972482298
0.0
0.0
0.570770831236
0.00139602000067
2.72039330179
4.75721332931
0.568938554985
0.0
0.0
8.00965133058
0.00255042115507
0.570045974697
0.0
12.9129299641
0.567059297292
0.0
0.0
0.0
10.2556864324
0.567629786234
0.0
6.26872713849
0.0
0.571831269506
0.0
6.22485989463
0.0
0.567837846908
11.2709621128
19.718259002
3.05867982147
160.396316118
110.239224008
151.153835306
0.0
0.0
0.0
0.0
0.0
0.0
10.5976671882
0.0
0.571404589072
9.22927228896
0.0
0.0
0.569383356053
6.39661158079
0.0
9.23241493698
0.0
0.567274827255
5.26292145394
0.0
0.0
13.2906412211
0.0
0.0
0.0
9.80803658365
0.00139673245187
0.0
4.25531329112
0.567556859769
0.0
3.01643846655
0.0
0.570947965001
6.5251378266
0.0
0.0
0.569228909676
5.05290124161
0.0
0.0
2.56135214445
11.7426319006
0.0
0.0
0.0
11.4584304219
0.0
0.0
0.0
9.09763025537
0.0
0.0
0.0
16.6270254299
0.0
0.0
0.0
0.569725824106
0.0
0.0
7.06987019789
0.0
0.567261397135
8.20425869097
0.0
0.571411304132
0.0
0.00256515286834
2.7188673037
4.76068869654
0.568879726563
0.0
0.0
8.0140881956
0.0
0.573237800415
0.0
12.1442797763
0.566999509801
0.00139673245187
0.0
0.0
9.40064733177
0.40766456933
0.0
6.271227983
0.0
0.57247228359
0.0
6.22908426729
0.0
0.568127639858
7.01768075262
0.0
0.0
9.79571444879
120.988186921
55.5825663733
2.72785827381
6.66229290797
0.0
0.0
0.0
14.5933882645
0.0
0.0
13.2034558276
0.0
0.0
0.0
0.579974758889
6.51231593599
0.0
10.2319430785
0.577828324559
0.0
5.3582451874
0.0
0.0
16.6388923305
0.0
0.0
12.3954531822
2.08040071331
0.0
0.0
0.00259759568594
0.57480691063
0.0
0.0
3.07031025033
0.581212034729
6.64030904553
0.0
0.0
0.580528456917
0.0712356437979
14.7209370485
28.9417207192
19.739389377
10.2691570546
17.4465736944
0.0908338196705
0.0
0.0
0.0
0.0
0.0
0.0
0.0
0.0
0.0
25.1748310067
2.3081688403
0.0
0.0
0.0
0.580678844036
0.0
0.0
0.0
0.577459192541
8.34961587199
0.0
0.0
0.582039163882
0.00284368369829
2.77106722731
0.0
5.42395752247
0.0
0.0
8.15673755653
0.0
0.583187574606
0.0
0.0
13.063759866
0.588239214637
0.0
0.00142184184915
9.39625553164
0.578484559259
0.0
0.0
6.38254552415
0.0
0.582763756363
0.0
6.34142148297
0.0
0.578341007918
7.13243721979
0.0
0.0
10.3189351908
125.168074551
61.6105950104
0.15866486978
0.0
0.0
0.0
0.0
14.4075839123
0.0
0.0
10.4149609657
0.0
0.0
0.0
7.11104794229
0.0
9.42414803424
0.0
0.578999371546
0.0
5.36946057438
0.0
23.7957234324
0.0
0.0
0.0
0.0
0.585102393433
0.0
4.34059108897
0.0
0.57928705608
0.0
3.07653264791
0.0
0.0
7.23722500869
0.0
0.0
0.0
24.116512236
0.0
0.0
0.0
0.582047457674
0.0
0.0
0.0
41.4343402863
0.0107128240518
0.0
0.0
0.00260286006374
0.578252761686
0.0
0.0
0.0
0.582814616429
0.0
0.0
0.0
7.44807037312
0.0
0.0
5.98001619938
1.80945351926
2.61736758378
5.7488137294
0.0
0.583218744702
0.0
2.78703981177
0.0
4.85609437423
0.579567890981
0.00142472340331
0.0
8.17398064637
0.0
0.585081844537
0.0
16.5733278765
0.578006174943
0.0
0.0
10.466552392
0.0
0.579300755343
0.0
0.0
6.39761769808
0.583944805667
0.0
6.35391704753
0.0
0.00260286006374
7.74451558548
0.0
0.0
