0.0637956090048
1.02117528303
1.80273414725
14.8811333397
21.0526902025
18.6894123585
22.4955959519
21.8544514737
28.3346206392
13.6961180678
10.0891530409
20.3070668395
16.8038149273
18.0965670876
7.84410313531
0.140915617359
0.00137838613956
0.0
0.0
0.313353115727
3.7184124194
7.02892696468
12.2062079588
14.0597196237
9.2476343796
3.84434678942
0.0
0.00243654115579
1.20504364019
0.00918924093041
0.00137838613956
0.0
0.0
0.0
0.0
3.42763559787
6.84383337539
4.52059138335
0.329712749202
0.00137838613956
0.0
0.599229008763
0.0
0.00137838613956
0.0
1.32485881114
5.78659032171
2.81403795783
2.9257429275
3.20948162587
8.0947118355
14.8391621779
14.8900650034
13.0224840537
0.567484358276
0.00137838613956
0.0
0.0
0.00419085078796
0.601394049618
0.00137838613956
0.0
0.30809018683
0.296937789883
0.00137838613956
0.0
0.0
2.14669718144
8.05629106224
13.5933378003
0.0216782547404
0.595177388898
0.00137838613956
0.0
0.0
0.0
0.600078317394
2.83193609301
0.0390542739542
0.000918924093041
4.77379674026
6.30839997563
2.92205330804
0.00137838613956
0.314731501867
0.28595943159
0.00137838613956
0.0
1.46901154746
13.8507618542
19.9127022112
6.14864641437
0.00321623432564
0.597739237885
0.0
0.00137838613956
0.0
0.00105815501623
0.600217548317
1.04541554859
2.62644037379
22.0100314575
23.2014357074
17.8314242512
27.8034396015
27.5965086829
19.6791851539
17.4103701776
22.9167669869
37.3261045648
3.71207079901
0.00406875093114
0.0
0.0
0.0
0.588270147252
0.0
0.00135625031038
0.352364790235
6.94206311016
16.6058397535
9.41487046268
0.00406875093114
0.00135625031038
0.588777028682
0.0
0.00135625031038
0.0
1.51257528302
13.309096638
9.68416834628
0.0
0.58027649012
0.00904166873586
0.00135625031038
0.0
0.0
0.587804364318
0.000904166873586
0.000452083436793
0.00149324529123
0.587078290919
2.56160064936
13.6835724181
21.6713730151
2.56132665939
0.00135625031038
0.00271250062076
0.0
0.0
0.0
0.0
0.0
0.271572000281
6.85993461915
9.64476174004
6.64188655788
2.85374244601
0.572447226965
0.000452083436793
0.000904166873586
0.0
0.23509708663
2.79282077803
9.52515142226
10.533907114
0.845717965008
0.00135625031038
0.00135625031038
0.0
0.00412354892348
0.585413801902
0.253598258794
3.79184297635
3.73882591877
0.574248710963
0.0
0.00135625031038
0.000534280425301
3.48274120107
25.7456242947
13.4805458565
0.00406875093114
0.0
0.584132898831
0.000452083436793
0.000904166873586
0.0
0.588140002021
0.0
0.00135625031038
0.315430943399
9.65699539183
10.8068285148
0.00135625031038
0.00271250062076
0.000534280425301
0.586105626555
1.08179018796
4.75630146721
19.902959495
25.4394028062
18.2055344229
22.9876409035
26.5427621954
24.2620281737
25.3265198066
28.0223982499
23.2762613385
0.00137942565732
0.00137942565732
0.0
0.0
0.0
0.179548272931
0.419700706433
3.25725591829
13.1549136814
11.191614764
7.44533851663
5.33110395853
0.00137942565732
0.000919617104878
0.599297746938
0.0
0.00137942565732
0.0
0.00840195627639
5.99000264738
10.7832629687
8.01825300617
0.587837367108
0.0
0.00137942565732
0.0
0.0
0.56695787875
0.0327300087782
0.00137942565732
0.0
0.599081776254
1.19853975951
5.59663643077
6.96764619822
9.72637211052
1.12189106717
0.00137942565732
0.0
0.0
0.599039975477
1.65179952347
11.5626941994
18.8913319121
6.27833744374
4.03090470816
0.00275885131463
0.0
0.00105895302986
0.597862586911
0.00137942565732
0.0
0.0
0.60014769608
1.03521018824
5.79140715351
9.49468433446
13.3109072162
2.62484498878
0.00275885131463
0.0
0.0
0.0
0.0
0.0
0.0
0.597618749042
0.0
0.00137942565732
0.0
2.72573813206
19.3919310566
14.7206175368
0.00321865986707
0.0
0.596204489403
0.0
0.00137942565732
0.0
0.599109643439
0.0
0.00137942565732
0.0
1.87507140966
14.6018127604
4.683136173
0.0022990427622
0.000919617104878
0.595744680851
1.04027326253
4.30240667764
19.2345693066
26.7019826144
22.5578452968
29.1067200257
32.6906793591
33.2585910602
22.5285006664
10.0446642536
0.00134558518089
0.0
0.0
1.06382779908
11.6944943989
14.3956886907
4.08167634089
0.00403675554268
0.0
0.0
0.0
0.0
0.000530079010655
4.29518944803
15.88843196
16.5537762608
0.00269117036179
0.00134558518089
0.0010329744823
0.582631587442
0.00134558518089
0.0
0.0
0.582074324893
0.0
0.00134558518089
0.402465886782
4.15939407892
5.87207936234
15.8902124818
18.9739879016
3.95550394459
0.583433501843
0.00134558518089
0.0
0.0
0.587667338043
0.000448528393631
0.000897056787262
0.0
0.860331826063
6.60207291475
12.8316633862
17.8646004912
4.33120763722
0.00403675554268
0.0
0.0
0.0
0.0
0.0
0.0
0.0010329744823
0.586111080435
6.78072992899
7.40841143645
0.00134558518089
0.581544245882
0.00134558518089
1.06924411922
10.4301744079
15.1696244339
0.00538234072357
0.0
0.0
0.0
0.0
0.0
0.0
0.0
0.0
0.0
0.0
1.4169827461
12.6968058492
20.7745167914
11.7432344844
0.0
0.00678229298248
0.578159895275
0.00134558518089
0.0
0.0
0.587857622817
0.000897056787262
0.000448528393631
0.0010329744823
0.579729744653
3.72534091981
1.09149376161
1.92144482759
17.0874106718
29.3220792743
19.568456938
27.8762428416
36.1897068986
34.0879858148
30.1271637096
4.8909008956
0.00134966910101
0.000899779400675
0.0
0.0
0.673498514427
7.26338059731
15.0233303596
13.7954995693
0.0
0.00539867640405
0.0
0.0
0.0
0.0
0.0
0.30682477563
2.82074025601
7.78656141974
16.6702606719
7.03806765557
0.396216495785
0.00179955880135
0.0
0.0
0.312986901223
0.268154710933
0.00134966910101
0.0
0.585027023204
2.459710588
8.58037134646
0.900024795057
0.00134966910101
0.599157649701
0.000449889700338
0.000899779400675
0.000531687827672
3.16268369431
11.0777636051
25.2597525095
6.90392554325
1.28442146144
0.0742113510239
0.00134966910101
0.0
0.0010361096129
0.583459225764
0.00134966910101
0.0
0.00410353938793
2.35607236067
5.53258675501
14.2638620134
9.75869382024
5.05084350058
0.00179955880135
0.000899779400675
0.0
0.581646033941
0.0
0.00134966910101
0.0
0.115267194435
0.471409424337
0.312550644544
4.8068124207
6.45110474335
4.98021081763
0.00134966910101
0.00134966910101
0.0
0.426400004772
0.743606326063
0.00134966910101
0.30191688799
10.9576771377
19.7861694704
2.97794262373
0.00314922790236
0.5753884772
0.00907959213409
0.00134966910101
0.0
0.00410353938793
0.584277207037
0.00134966910101
1.36882349583
10.1042840917
6.96640567952
