0.640817151811
0.489020154389
0.0152078624504
0.0167170947639
0.00148756869173
0.166109430175
1.20089398546
1.17664517154
1.60579429669
1.2911807396
3.10410092359
3.0935362974
7.9722777854
2.45778121186
2.51191860255
2.07687697229
2.54249319401
2.54182162174
1.81118709426
2.24598320347
3.68661404814
2.0783789834
3.78014312433
3.10088748637
2.49891320831
2.45508048035
3.30237361082
0.932770560582
4.76614120349
4.74680281049
4.71029238668
9.99009972487
6.08791097696
24.6901452185
11.9001884735
3.35917562698
6.36621630404
7.53545973816
3.2336493815
2.77337685314
2.76289166023
2.65549064493
1.98655411212
3.57355882756
1.68814494407
4.16584224551
2.7929752096
3.17114983283
3.22343859446
2.48608834425
3.29395368318
4.29016254937
4.71980271662
14.8923173576
6.54102728894
8.02691343939
1.10425979015
13.0984539395
3.99577559376
3.60071056679
8.37783522649
9.97223445816
9.8849228414
4.32789335721
3.68530700963
4.87015547259
8.64910709772
3.00858601541
2.13060275417
2.61519630852
1.28465276825
3.05610155906
21.7213913822
20.9429307992
12.3734447325
5.27693329771
0.00524259645728
0.0014297990338
0.0
0.0
0.0
0.0
0.0
5.03742751713
2.78209285028
0.000953199355868
4.28315797835
11.6343397289
1.04760219814
0.0028595980676
0.0
0.0
0.616806637734
1.74930856941
1.19739169994
0.0
5.07464561925
10.461305161
0.0149695626115
0.00190639871174
1.12119119107
1.76103380498
3.31278531111
3.0070117063
4.14080940907
2.54183497544
3.34113043123
8.29781197121
5.19661009125
4.22720840339
3.44201093393
4.24884188771
3.18533525331
0.931127608083
4.93636197379
2.3764446441
4.60037535445
0.913798093398
3.68529885423
3.65742958553
4.06843737848
2.85946935464
3.35814034421
1.95206329534
2.7500661398
3.08049879173
2.14402318178
5.35535270712
9.48900303799
6.13395217693
6.50079101422
5.33632575226
7.03847471862
3.417138819
7.60231604702
6.68703358126
3.63181883555
7.89589507121
5.93778775251
12.1598576707
8.57347909539
1.92680055611
1.95623232203
2.81856033636
0.672733180516
2.15026606842
2.73168549062
3.57480899359
1.80418003519
4.37436723301
4.00029119266
4.74767622927
2.99699041728
3.36566163767
3.38539171628
5.93683604965
6.69082618816
6.24842640549
6.23584120057
1.8483773999
1.8618574896
5.71054383781
5.26011850121
5.88079921733
5.37812965531
4.35135591023
7.5706399669
9.26151764645
2.96865950167
4.21110757971
9.94639569177
6.40132386129
5.16705048464
25.3326680883
22.1164451057
4.82938062965
8.53961551915
0.0
0.314914213576
0.303302018285
2.92855303879
0.0
0.146796614353
9.7550110884
4.40676774367
0.00140624750311
0.0
0.615183566791
0.0
0.00140624750311
0.00154829270545
8.42038277631
6.08131732721
3.69902042077
5.25499777167
5.11084319808
5.32403884226
4.05507092495
5.66222005998
0.00234374583852
0.00361023949105
1.03830893408
14.3993590811
15.9487940938
16.816826826
27.8371640014
25.5765253304
26.6621324583
19.0276387834
23.6052061141
14.5295778504
14.9332688809
9.06189042348
3.20850231682
0.0013386281259
0.0
0.0
1.07981316673
10.50372813
5.81482479944
0.0013386281259
0.580836152424
0.0
3.29704783483
12.8205756608
6.27712475524
0.00267725625179
0.0
0.0
0.580572483248
8.65780050892
5.15367095946
0.00267725625179
0.0
0.579429916817
0.0013386281259
1.21074181464
1.99331869068
3.39367920757
8.79761277984
0.0013386281259
0.0013386281259
0.584054268525
0.0
0.0013386281259
0.0
0.583655384387
6.26173729254
35.5119382135
16.5624807213
0.566016592566
0.0013386281259
0.0
0.0
0.251641805424
0.328450664708
0.0013386281259
0.0
0.00147384308811
2.16719837134
16.5486076662
8.66824586475
0.00267725625179
0.583655384387
0.0
0.0013386281259
0.0
0.576360537175
0.0
8.59652784879
2.50238274116
0.583080720797
0.0013386281259
0.0
0.0
0.0
11.2424683153
2.37183269515
0.00178483750119
0.0
0.586048689218
0.0
0.0013386281259
0.455086237568
12.5608141969
22.5809392538
4.43842437385
0.00401588437769
0.00102763371281
0.579031032679
0.0013386281259
0.0
0.00147384308811
0.584689778847
0.0013386281259
0.0
0.00102763371281
0.579335266344
5.13729642754
11.6967026986
0.169801751764
0.506424970049
4.07239722461
23.9090742066
18.0506800892
14.8254357185
8.65973355234
12.739256368
14.4059402504
20.7413222476
14.8667871763
15.3443982067
23.0087842214
20.1970273348
23.832826318
16.3879450849
5.35122407596
0.567724018813
0.00357634229253
0.0
0.0
0.155855371498
0.423830428543
0.0013411283597
0.0
0.0
4.88959143845
21.8951532265
7.38301999416
0.0026822567194
0.584339109047
0.0
0.0013411283597
0.0
0.0
0.578276937926
0.0013411283597
0.0
0.0
6.51043988841
5.91281141652
0.0026822567194
0.0
0.583356969592
0.0013411283597
0.0
0.0
1.99809160144
25.9480228093
22.3388973791
10.3077364649
0.00394210457245
0.58101338165
0.0013411283597
0.0
0.0
0.583411156596
0.0013411283597
0.0
0.0
1.63836439914
12.6511415254
13.2026026696
0.0026822567194
0.568516503753
0.0013411283597
0.0
0.0
0.580566338864
0.0
7.94174219686
3.19791380033
0.583729505247
0.0
0.0013411283597
0.0
0.373043658639
15.3567257503
14.3690389003
0.0026822567194
0.0013411283597
0.584908072594
0.0
0.0013411283597
0.0
0.578961048857
0.0
0.0013411283597
0.0
13.2876627198
17.5419995851
0.0026822567194
0.0013411283597
0.0
0.583688864994
0.0013411283597
0.0
0.0
0.582340963259
1.03969284951
2.29465594153
8.84848114356
15.0829703666
10.4405626111
12.7176331345
6.30004228244
6.85920967504
8.13520870373
8.55005204645
4.09038592487
4.14697306999
17.7798358626
27.3241059133
18.1493334148
36.6364916106
24.7807069827
0.0
0.00268977427292
0.585148166827
0.0
0.00134488713646
0.0
0.579517300988
0.00224147856077
0.00134488713646
0.0
1.67505692846
10.1265586342
11.6928291365
10.6940602516
0.0
0.588666608932
0.0
0.00134488713646
0.0
0.580352761179
0.0
0.00134488713646
0.0
0.583776110254
8.35528114424
3.53604110736
0.00134488713646
0.58409535114
0.0
0.00134488713646
0.0
0.433467991856
1.73730210886
2.84070728837
4.85992626894
3.82665219894
3.66932757341
4.36059276919
4.93116453302
5.45530372884
5.71882689163
4.8207886948
3.87150893959
4.7716527678
4.97559335503
8.63603652252
5.88051900417
5.69921055804
4.32033445577
3.87481681856
0.00268977427292
0.0
0.0
0.580855395765
0.0
0.00134488713646
0.0
0.58549457715
0.15619030153
2.64681939286
0.0
5.26085206751
8.99603835645
0.00358636569723
0.000448295712153
0.0
0.0
0.0
0.0
6.05957238702
28.8224867846
5.28899281199
0.00403466140938
0.0
0.582764048722
0.0
0.00134488713646
0.0
0.586214567233
0.0
0.00134488713646
2.66871795917
11.4417427835
