1.08135885624
4.98745790826
13.7572142591
20.1526794945
7.974907077
6.90035805832
8.74664205617
2.53507739286
4.59746536308
13.3736889621
4.61263717776
4.6237748279
9.11964496555
17.7659572795
19.3942495676
25.9937931896
17.0091214418
20.7507566243
27.3196909355
14.6943989261
0.00138434069463
0.00553736277854
0.0
0.00106272618982
0.599209772187
0.00138434069463
0.0
0.306407732032
2.55187126331
7.89957936668
8.1406504129
4.90016054507
4.76913759245
2.97792658275
3.62280561462
0.725436473707
0.144481820478
1.08961595907
0.00138434069463
0.00138434069463
0.0
0.00106272618982
3.25710195617
11.09809155
16.6030481714
1.05743353373
0.00276868138927
0.00138434069463
0.0
0.0
1.05282605637
0.161520397613
0.00276868138927
0.0
0.00054534633425
2.22878851836
9.77225672878
20.9510944944
14.3578013803
10.3784790955
6.17552985553
8.49187442701
0.0
0.00276868138927
0.0
0.0
0.0
0.608816257613
0.605229556723
0.00138434069463
0.00138434069463
0.0
0.0
0.816593210963
4.56533187908
6.14614407805
7.41624170728
4.00310777494
2.40780194839
0.360264178349
0.59829387001
0.00369157518569
0.00138434069463
0.0
0.00054534633425
1.11712798247
0.115305791596
0.00184578759285
2.79941654934
13.1836217813
7.63640781069
4.7261810812
5.02383530541
7.49482751237
5.3480017514
2.94391934468
0.0
0.184865415691
0.429774861107
0.0023911339271
1.07095711549
9.10078297153
13.1950066517
17.5071816621
16.0125261747
14.8732264145
3.68376374224
7.00698048307
12.3585403479
16.0873750336
20.7171080905
8.75691242464
4.91216439491
3.96370902155
7.97205067314
17.7394740582
5.28889474829
5.57151099978
19.0700907617
26.3063296904
4.58404573526
0.00406809609336
0.0
0.0
0.672222060518
5.19953360717
16.2277311975
5.89635600635
3.94692983733
2.52002801096
3.57597289306
2.81232824878
0.00180804270816
0.00090402135408
0.000534194436502
1.17463192805
0.00090402135408
0.00135603203112
0.0
0.0
0.85056081855
12.1078045465
15.5659464744
19.6982691758
3.41251624413
2.41214812938
2.82403943451
3.7126376364
3.15892455702
2.13506558435
2.29788530914
2.46896450175
2.39907406298
2.59523984817
0.281931386834
0.00135603203112
0.602434351442
0.0
0.00135603203112
0.0
0.600776978959
4.3780863854
6.99663217802
7.27597477643
7.00966515255
7.35343296973
3.34089309776
0.00135603203112
0.303100553542
0.29728605256
0.00135603203112
0.0
0.0
0.508566800843
1.35511431247
3.28732298389
5.76043091685
5.0350428126
4.54663842741
4.03390764942
3.68358567743
6.14027740443
0.187584430972
0.00135603203112
0.0
0.0
1.10953554191
0.0948743016521
0.00090402135408
0.293457659098
2.58389164071
5.98756628206
6.89701176426
6.4206267539
5.2701089106
3.07004966981
0.918718549731
0.00135603203112
0.00104099428652
1.19630104596
1.10661761807
9.81191516427
14.7523200692
13.955651262
8.9371564138
11.8410482079
5.03986410303
4.94674769789
6.31079159633
9.1190508939
10.3943517604
15.1999390251
2.04865903371
11.1429905568
17.4008180801
15.5016947697
17.2769759245
16.0450793857
21.8309260215
23.8224017984
6.89309502888
0.0100082964432
0.00138770496902
0.616414342071
0.600448726316
0.889140420149
5.70702779703
2.28403622401
3.84042444148
6.51734937838
7.52162725929
7.75857437845
5.829979859
0.63087310647
0.00323797826104
0.000925136646012
0.309072734488
0.910481640506
0.00138770496902
0.00138770496902
0.0
0.0010653088651
2.42443271865
10.1892517695
17.7853595374
16.4277915954
2.871736287
0.00693852484509
0.0
0.0
0.0
0.0
0.0
0.0
0.0
0.0
0.0
0.0
1.51912343303
7.10290480642
8.23067441235
8.58326361226
5.00590037435
3.79144125952
5.39937781056
5.1810455621
3.43879599072
2.22238848205
0.881094534773
0.00138770496902
0.0
0.00476585544915
1.22217559549
0.00138770496902
0.00239694494648
0.00037846499155
0.0
0.890822486778
4.12430121959
19.2952245953
17.4789991353
2.37580697585
2.37057855207
2.71439297106
4.27841356587
3.28943548267
0.00138770496902
0.00138770496902
0.0010653088651
0.598009729704
0.00138770496902
0.0
0.314931933246
7.03911943812
15.3146349434
5.22005549068
2.25462809244
2.24337927186
1.72388000207
1.1312470344
4.91700084107
23.3794548261
23.126186883
22.7238757265
17.5528395261
13.7401028132
22.1296488214
22.3370088236
14.0075336987
13.8651711184
11.1623513773
10.5563254462
16.4719884476
13.5491942985
2.94171233193
2.17879087391
0.00279558804132
0.00209669103099
0.0
0.0
0.0
0.301361650082
3.38723862023
11.2218604022
11.5155341851
9.80118093039
6.95075002955
0.00271336486364
0.588889250519
0.00135668243182
0.0
0.0
0.000534450654959
1.10884121848
0.0950362895421
0.00271336486364
0.0
0.467767657856
3.79667578545
15.4979932406
20.911005401
6.64483869697
0.00407004729546
0.0
0.0
0.0
0.0
0.0
0.0
0.0
0.603524976147
0.000452227477273
0.000904454954546
0.00104149358402
3.15332738357
6.59191437826
8.82180010518
4.64015540181
5.07664399248
9.56976379679
7.42450627551
3.08162877263
1.86193700677
0.00135668243182
0.00135668243182
0.0
0.00104149358402
1.18673397547
0.00226113738637
0.00135668243182
0.0
0.0
0.290631525394
3.67378639446
4.04018657809
5.42862771229
4.42674514412
4.30047775092
2.23917009406
2.56826151082
3.27908773384
3.76690414319
0.00316559234091
0.00194594853857
0.598995849443
0.00135668243182
0.0
0.233863273133
5.03460054096
12.4171181804
12.2939136006
3.26592517348
6.5612040214
2.04787787117
0.0035355966405
0.000452227477273
0.0
0.602092922469
0.0
1.1067459817
2.79717212483
6.3295077143
7.39355530332
6.78817561413
7.08304255826
8.59606788021
4.79658356806
5.20033351551
7.52298874735
9.46756631774
7.04718263477
5.49921525763
13.0820055773
13.9082622161
14.0868401508
3.16758453497
2.31528425891
2.91243816651
3.31585880243
4.08590126259
6.87456033408
12.4245175936
9.56660500834
2.24731996469
2.43806841272
2.36922128333
3.6734911226
7.83940808004
10.9546110621
13.1256428581
7.31284595227
5.08511652023
5.936800213
8.26359636216
13.6229172797
11.8737685851
9.88883283586
2.23926234218
1.24088787993
0.000924874931685
0.000462437465843
0.0
0.0
0.00421799021875
2.58914533148
10.608021188
14.0502305181
2.44653241967
2.64302630288
2.36112162105
2.61937192584
3.29465674528
0.939904149325
0.00138731239753
0.0
0.0
0.00213001499418
4.63743501352
16.9722397388
17.592753745
1.91456117487
0.31110830846
0.00222810778997
0.0
0.0
0.317603452866
0.303337957708
0.00138731239753
0.00138731239753
0.0
0.0
0.318626420594
4.71130589538
7.76396771346
6.00762321156
3.39401073415
2.40722523507
1.12687602472
0.00138731239753
0.0
0.0
0.0
0.297753674977
0.0223721640672
0.00138731239753
0.0
0.401339667325
4.4417819257
6.69858886507
6.82427376298
6.39970011631
7.44678465829
7.2376578243
2.35864127465
0.00277462479506
0.0
0.387417496952
0.235086391727
