1.06444988608
10.8251483082
19.3283870281
21.6814905351
15.6549930797
12.8708302281
22.431227988
23.2138900837
29.7209156144
25.054174563
5.01672891425
13.2771756489
3.90098417903
5.37691033367
17.691721568
8.09192598429
0.00508315056534
0.585509443605
0.00134914720099
0.0
0.0
0.58315184294
0.000449715733663
0.000899431467325
0.0
2.26009411665
19.6886910972
15.8381772885
0.0035977258693
0.000899431467325
0.0
0.0
0.0
0.13709516002
0.446942486638
0.00134914720099
0.0
0.0
2.22094840619
5.9988194962
3.6458727083
0.642671038903
0.575458978345
0.0
0.00134914720099
0.0
0.5890731001
3.88591188808
14.9594804421
24.9006238954
19.004366842
9.58468240956
0.00404744160296
0.0
0.00410195260098
0.581441560377
0.00134914720099
0.0
0.0
0.586143133957
0.0
0.00134914720099
0.0
0.293936929072
4.60470072184
4.97788982816
4.60950450355
5.64467516981
3.58110682878
0.00134914720099
0.000449715733663
0.00410195260098
0.584596384388
2.81233822371
0.0
0.00188062943168
6.87186764048
12.2388365309
7.38816174435
3.78942742159
0.575220492728
0.0
0.00134914720099
0.0
0.00410195260098
0.579220237208
0.00134914720099
0.0
1.55558035049
13.6075259247
8.77413793838
0.00269829440198
0.00134914720099
0.588071460511
0.000899431467325
0.00134914720099
0.0
0.117961799715
1.15343909035
7.74133850052
1.06823500506
15.5137458873
33.8011944219
39.0332571139
54.9331423089
46.6796611738
11.2147407198
0.00182719035742
0.000913595178709
0.0
0.0
0.0
0.00150881627999
14.4640527117
5.50541452218
0.00690733324509
0.591158371205
0.00137039276806
0.0
0.237008737119
7.59449524299
13.772682639
13.8945230142
7.53172018033
0.583815003897
0.00137039276806
0.000456797589355
0.0
0.0
0.595262628334
0.000456797589355
0.000913595178709
4.69257089663
3.53715676376
0.00228398794677
0.000456797589355
0.0
0.596217750566
1.4419092755
8.23011524623
20.6622561475
16.4092352707
0.00274078553613
0.00137039276806
0.0
0.00053985169651
0.59696523753
0.00137039276806
0.0
0.0
0.595574081236
8.12082296238
11.038562195
6.13145561839
2.90204892752
0.575516514358
0.00137039276806
0.0
0.0
0.597200557501
7.41118098615
12.6478185752
0.00137039276806
0.57955155973
0.00137039276806
0.0
0.31246339347
7.02637746534
12.0219920355
0.00411117830419
0.00137039276806
0.00105201869063
0.594176003765
0.00137039276806
0.0
0.0
6.20495158205
7.68991056976
0.000913595178709
0.00182719035742
0.00053985169651
0.598031098572
0.00137039276806
0.00053985169651
8.08220280256
17.5362725836
9.88786830387
0.691633077336
0.00137039276806
0.0
0.0
0.0
0.0
0.0
0.0
0.0
1.57680298787
11.978658555
11.336228115
1.10710000895
12.9640182648
26.5997027487
25.2008953353
31.0689945385
46.0785603008
35.6284071985
31.3969522786
0.00141821112006
0.00283642224013
0.0
0.0
0.0
4.21130629421
14.4905577939
1.95131524756
0.60319097502
0.000472737040021
0.000945474080043
0.0
2.44250335751
16.6180607037
20.9196812606
4.30302444265
0.000945474080043
0.608498522697
0.00898200376041
0.00141821112006
0.0
0.0
0.617924612767
0.0
0.00141821112006
4.52346315695
3.97499507566
0.00330915928015
0.00189094816009
0.0
0.0
3.02185692542
9.23784761393
0.878517324738
0.00141821112006
0.00431193481959
0.612094189274
0.00141821112006
0.0
0.00431193481959
9.09258125168
20.3680329483
6.3858178888
0.00141821112006
0.616355985317
0.0
0.00141821112006
0.0
0.00108872772853
2.97244157937
13.353009222
25.599255081
0.00141821112006
0.603713850837
0.00141821112006
0.0
0.0
0.0
0.615045214433
0.0
0.00141821112006
0.0
0.608254991494
0.00709105560032
3.5918918435
8.48911093204
5.34751544453
0.11202435312
0.00283642224013
0.0
0.0
0.615761482675
0.0
0.00141821112006
0.00108872772853
5.51712776435
16.6828256782
12.0639054526
3.42939206733
0.00141821112006
0.598384815113
0.00141821112006
0.0
0.0
0.000558689229116
0.613032500672
0.000945474080043
0.000472737040021
3.48835526905
10.048333781
8.72997761662
1.06178196155
8.51538418004
20.4020380759
26.513631476
18.5477457516
10.2581345535
19.6651889302
31.9112191926
11.951706314
17.6260772184
28.8681681841
20.1008542289
0.0
0.00271651983625
0.0
0.0
0.59004731615
0.0
4.68767053279
15.0965513575
3.15593749946
0.000905506612085
0.00135825991813
0.0
0.000535072088959
3.60329892523
11.2456100937
14.5766259246
1.90694204586
0.311947027863
0.281214682241
0.00135825991813
0.0
0.000535072088959
0.588750795319
0.00135825991813
0.000535072088959
4.6331823584
5.81363370543
0.00271651983625
0.0
0.0
0.5912546583
3.93177144876
8.86646692929
10.8837230042
0.576677373825
0.00135825991813
0.0
0.0
0.0
9.86507608485
23.9318263279
7.76912325351
0.00271651983625
0.587234757734
0.0
0.00135825991813
0.0
0.30724113744
0.284672071123
0.00135825991813
0.0
0.00104270458361
3.22216982022
8.51166611502
11.5755026162
0.00135825991813
0.574262689526
0.00135825991813
0.0
0.0
0.591769150693
0.465176582364
4.28992675343
3.04462878516
0.573748197133
0.00135825991813
0.0
0.0
7.84317585864
27.9765597266
0.00588579297855
0.00271651983625
0.0
0.585451184104
0.0
0.00135825991813
0.0
0.588105964853
0.0
0.00135825991813
0.0
4.76047463638
11.3629143593
4.64981761245
0.00271651983625
0.0
0.590225673513
0.00465154856379
0.0
0.0
0.0189071768093
0.767450788925
1.8119423379
11.4851522399
19.1154020126
13.4672660096
14.0069140481
10.6902709955
8.26205319696
21.4673207337
13.0454458005
14.3553287166
21.4601929196
30.7726615494
28.7077775773
5.15614581579
0.00270884298715
0.0
0.0
0.00411798858147
0.715025100406
7.28089111358
12.453686737
2.69359548458
0.232283286148
0.00135442149357
0.0
0.0
0.539005030342
6.14453148047
14.1465220696
8.66665583586
6.02625217721
0.00270884298715
0.000451473831192
0.0
0.0
0.0
0.0
0.0
0.0
1.84120605078
9.54544280776
13.1323750345
13.5492905961
8.06189979846
0.873150389524
0.00135442149357
0.0
0.000533559982317
0.590001051729
0.000902947662383
0.000451473831192
0.0
2.26758204126
11.9544114038
15.300393415
12.2662430109
0.392234992129
0.00270884298715
0.0
0.0
0.588434574345
0.0
0.00135442149357
0.0
0.000533559982317
3.16975672572
15.972309605
4.66598204536
0.00270884298715
0.00135442149357
0.0
0.0
0.0
0.589645345074
1.12910184925
3.60443709849
3.02699522789
0.00284565323903
0.586122481088
0.00135442149357
0.0
2.51178150035
15.7458544356
16.331860628
7.77602793665
0.00533559982317
0.568391872445
0.00135442149357
0.0
0.0
0.2314966272
0.355850305643
0.00135442149357
0.0
0.589467491746
43.2293859334
1.36130363799
1.27284737838
0.404453617281
0.945979525408
0.300910095938
0.677338645364
0.610828738359
0.497414150126
0.303607183563
0.435435897962
0.280921527756
0.535419811272
0.828088045536
0.522755821157
0.693151519508
14.0391625338
49.7276557585
54.2331748623
0.746805765196
0.874554621158
0.703529146002
1.41258937525
0.376360095425
0.254183395113
0.569468831182
0.578901792468
0.090331899222
0.90216896501
0.101284539322
0.619221198835
0.0680843490196
0.900772503397
0.346445697153
16.2974326327
47.60319954
52.0598835597
0.567428901964
0.0210290689914
0.470402201481
1.63963760452
0.605393490709
0.478274411552
0.374840416611
0.254785790319
0.553299996235
0.339860422293
0.724434997792
0.293749807473
0.560925771904
0.474783257521
0.723408187783
13.3107298223
46.0055379287
45.453839756
23.7026495121
0.618865238032
1.27695461842
0.526000540787
0.451358298507
0.614757997994
0.449920764494
0.333521581835
0.839930587643
0.849390930529
0.463584183019
0.644316435463
0.331933449021
0.580695287284
1.45522252684
5.40092481355
49.7457002331
40.2636574288
0.821858731479
0.36813192455
1.90626593695
0.657719728785
0.727364829019
0.498057617732
0.436175201169
0.27358325889
0.46047637139
0.467609278255
0.275102937703
0.487324030435
0.93732693973
0.694383691519
1.24498660013
7.30912115331
45.2953961262
53.7666197757
44.9500046206
52.5542446614
31.4753000852
1.04961888235
0.712756745286
0.606132793916
0.513733583875
0.664058569243
0.530847084031
