2.91093884524
1.63162143429
1.50597215066
0.0246304013265
0.0106872714396
0.0519124811823
0.219438146242
0.0
0.0
0.0
0.0
0.0321625109717
0.0
0.0
0.00984813266448
0.0
0.0
0.0
0.0
0.00229588368865
0.0
0.0
0.0
0.00985484577468
0.0
0.0
0.0
0.0
0.0018528184154
0.0
0.0
0.00986155888489
0.0218578868136
0.0
0.0
0.0
0.0
0.0
0.0
0.0
0.0
0.0
0.0
0.0
0.00114794184433
0.0
0.0
0.0
0.0
0.0
0.0
0.0
0.0
0.137800013091
0.0
0.0
0.0
0.00370563683081
0.0
0.450496686241
0.0
0.0
0.0868676459976
0.462667555035
0.0
0.0
0.00173198243179
0.448375343418
0.0
0.0
0.0
0.448375343418
0.0
0.0
0.0303365449971
0.46151290008
0.0
0.0
0.0
0.00759924074724
0.442353683567
0.0
0.0
0.0
0.449818662111
2.60058504755
1.62521712716
1.61391224958
1.63519952203
1.60090895512
1.60864917118
1.59014783947
1.60356734676
1.56070413813
1.61200572628
1.60131845484
1.51963332992
1.53918190683
1.60220458539
2.82346871862
1.73177482666
1.53615136397
1.68915011026
0.820395142913
0.0495323056256
0.222088038263
0.0
0.0
0.0
0.0
0.0
0.0
0.00229136325226
0.00982204247899
0.0
0.0
0.0
0.0
0.00114568162613
0.0
0.0
0.00726938341726
0.00255935895428
0.0216473528306
0.0
0.0
0.0
0.00243876088837
0.00302835143281
0.0
0.00983544226409
0.0
0.0
0.0
0.0
0.0
0.0
0.0
0.0
0.0
0.0
0.0
0.0
0.00114568162613
0.0232017279023
0.0
0.0
0.0
0.0
0.0
0.0
0.0
0.0
0.0
0.0
0.0
0.0
0.0
0.0
0.0
0.0
0.0
0.0
0.0
0.0775780558419
0.136878804806
0.0
0.0
0.0
0.00184917034393
0.0
0.0
0.0
0.0
0.0
0.0
0.0
0.00114568162613
0.0
0.0
0.0
0.0
0.0
0.0
0.0
0.0
0.0258347856746
1.1977866905
0.0
0.0
0.0
1.1899545161
0.0
2.55717478931
1.53556177343
0.46496584311
0.0
0.0
2.04502755569
2.0341675456
1.62453840357
1.56643099285
1.06477614612
0.702588452959
0.702588452959
1.40399923384
2.18399955168
2.18161075094
1.49757063314
1.48488389308
1.64370903136
0.434688130186
0.00229512227967
0.0
0.0
0.00981616438562
0.0
0.0
0.0
0.0
0.00717309353878
0.0
0.0
0.00982285570422
0.0
0.0
0.0
0.0
0.0
0.0
0.0
0.0
0.0
0.0
0.0
0.0
0.00599542146525
0.000562070762367
0.0
0.0
0.0
0.133224153318
0.0
0.0
0.0
0.0
0.0
0.0
0.0
0.0
0.0
0.0
0.0
0.0
0.0
0.0
0.0
0.0
0.0
0.0
0.0
0.0
0.0693822825593
0.0
0.0
0.0
0.0
0.0
0.0
0.0
0.0
0.0
0.0
0.0
0.00291072359083
0.00224828304947
0.0
0.0
0.0
0.0
0.0
0.0362870207657
2.8065999821
1.56444367123
0.580799763127
0.0
2.62324446983
1.6240097894
1.63128994404
1.62318006589
1.62561570586
1.5236400104
1.51470040876
0.245123074259
1.18364742104
1.65426793211
2.3393117477
1.61469547391
2.78293107601
1.61754201427
1.60070546796
1.59014345238
1.61028062855
1.63977959127
0.332996880238
0.0
0.351453735755
0.0
0.00114021759152
0.0
0.0
0.0
0.0099018896106
0.0
0.0
0.0
0.0
0.00228043518305
0.0
0.0
0.0
0.00978186670623
0.0
0.0
0.0156496531421
0.0
0.0
0.0
0.00242712984395
0.00978853464536
0.115848774474
0.0
0.0
0.0
0.0
0.0
0.0
0.0
0.0
0.0
0.0
0.000580110704459
0.00228043518305
0.000560106887064
0.0
0.127957751938
0.416186088845
2.53212321351
1.53940710352
1.62029587313
0.151355550351
1.05594817678
1.52941186276
2.75127170102
1.69736391361
1.56883271891
1.5500024588
1.60702667426
1.59124366233
1.624363316
1.61210097594
1.50455378568
1.41909747777
1.43792773788
1.79858322963
1.69771064645
1.54352788991
1.66437095079
1.61726862876
1.1964616581
1.04019850455
1.13963081288
1.73915855609
2.32839100128
1.87832511371
1.65690285896
1.6114475179
1.61670852188
1.60900038424
1.6284707665
1.59972528091
1.4796957086
1.40667510717
1.86905001038
1.59343074637
1.08663403266
1.07049761996
1.46211902105
2.64375785046
1.59219717763
1.38157031634
1.66569787068
1.7229888037
1.593470754
1.59545113192
1.60950714761
1.62959098028
1.62807069016
2.8030950379
0.482681631416
0.0
0.0
0.0
0.0
0.00114222829704
0.0
0.0
0.00979911644299
0.0
0.0
0.0
0.00229113629172
0.0
0.0
0.0
0.00981247583828
0.0642052537492
0.0550006303965
0.0581734867771
0.0
0.0
0.0
0.0
0.010173179511
0.0019972295954
0.0
0.0
0.0
0.0
0.00114222829704
0.0
0.0
0.0
0.0
0.0
0.0
0.00114222829704
0.0
0.0137735365409
0.0744051520508
0.0
0.0
0.0
0.0
0.0
0.0
0.0
1.20483710305
0.0
0.0
0.0199656162564
2.44304597552
1.43984890524
1.77508957057
1.57165269914
1.55626267577
1.54942266538
1.65744673567
1.59459746055
1.51814164132
1.18560625353
2.09461958704
1.50872994734
1.48583194382
1.48583194382
1.80990415469
1.63108196907
1.6290313019
1.63206388463
1.43128553286
1.30681604697
1.40556869693
1.99573334313
1.77909738916
1.49116234254
1.73836459293
1.62645293861
1.6264796574
1.64540324082
1.61963964701
1.54387851634
1.11717943087
1.36917770417
1.92755366928
1.99112435176
1.63390748118
1.63297232351
1.61776265197
1.63906420776
1.63086153905
1.55743830256
1.45891276231
1.74568554154
1.64635843759
1.31007573942
1.13704485166
1.58399678039
2.06733970187
