2.9513960338
1.53057631036
1.5976758184
1.62100109949
1.47172058458
1.49595756121
1.53023602963
1.56574079276
0.377872121859
0.00251679333563
0.0
0.0
0.0
0.0
0.0
0.0
0.00866752806915
0.0
0.0
0.0
0.000430166207876
0.011389773922
0.0
0.0
0.00866752806915
0.0
0.0
0.0
0.0
0.0
0.0
0.0
0.00867394846031
0.0
0.0
0.0
0.0
0.0
0.0
0.0
0.0
0.141518262
0.0
0.0
0.000841071242265
0.0
0.0
0.0
0.0
0.0773721338973
0.0
0.0
0.0
0.0
0.0
0.0
0.0795679076748
1.52658282706
0.831382872001
0.548885660859
0.544500533695
1.24040673178
1.52265996806
1.53394059533
1.52206929207
1.47091161529
1.53325361348
1.53377366516
1.54579263742
1.53087806875
1.42067205444
1.53383786907
1.52043851272
1.54170926864
1.54213943485
1.43550315803
1.54265306614
1.53616205067
1.54553582177
1.49071852203
1.53416530902
1.54712807878
1.54414259689
1.54025826023
1.50520934488
1.48101089059
1.5383963468
1.54160654238
1.51031355585
1.48928035441
1.53894208005
1.54484241952
1.53468536071
1.50246783785
1.52382847925
1.54218437758
1.52709003796
1.54356476168
1.29288700914
1.7311875274
1.52809914364
1.35025200214
0.0
0.0260264109505
0.0963054434876
0.124648745621
0.0
0.0
0.0
0.0
0.0
0.00128072595924
0.000411891765785
0.00990470980536
0.0
0.0
0.0
0.10478140373
0.0130196412841
0.0
0.00675759928241
0.0019436142698
0.0
0.0
0.0
0.0
0.0
0.0
0.0
0.00870764936104
0.0
0.0
0.0
0.0
0.0
0.0
0.0
0.0
0.0217787771159
0.0
0.0
0.000843090958091
0.0
0.0
0.0
0.0
0.0
0.0
0.0
0.0
0.0017054893427
0.0
0.069191380843
0.112092482573
0.156756995925
0.0
0.0
1.12805570193
1.09563209699
1.52987542688
1.53312551034
1.53414236814
1.47060162746
1.53391067902
1.5461258442
1.54064253507
1.5278545829
1.46302668045
1.53643995189
1.55438942275
1.52835014018
1.5374632455
1.50520697159
1.53304184482
1.52299554722
1.54460699331
1.41596804621
1.5535527676
1.5966533794
1.55057942391
1.54920216082
1.41517000591
1.54021777168
1.53400078034
1.54347429095
1.53116258864
1.48873773677
1.52660603598
1.54822391788
1.53593152299
1.51548495831
1.53352453049
1.52220394274
1.55718256378
1.54067471411
1.01296413243
1.52760358635
1.53705135373
1.53591865138
1.8326380585
1.56900490171
1.46627282764
0.729345344932
0.0211291525177
0.105783262496
0.124470154745
0.0
0.0
0.0
0.0
0.0
0.0
0.00686190016688
0.00197737962824
0.0156029657421
0.0
0.043449970904
0.00337856916614
0.0
0.0
0.0
0.00884582740979
0.0
0.0
0.0
0.0
0.0
0.0
0.0
0.00986070768256
0.00504821090522
0.0
0.0
0.0
0.0193416537147
0.0
0.0
0.0
0.0
0.174559406917
0.0
0.0
0.00085773752086
0.0
0.0
0.0
0.0
0.0
0.0
0.0
0.0
0.0
0.0
0.0
0.0
0.689345966956
1.45962045115
1.47481746478
0.614618040806
0.334295014237
1.53277040216
1.52233350439
1.5410465871
1.54146563444
1.32341042331
1.53326147326
1.50640315791
1.53258052134
1.54092218242
1.37148301017
1.55634836256
1.52514243108
1.54671027378
1.53332040179
1.10928378099
1.55877097999
1.53531087665
1.55657098146
1.42693475875
1.50123708995
1.52675314429
1.52257576613
1.5322073073
1.53063587978
1.40480382119
1.56715192676
1.5380543272
1.53538944803
1.53104183189
1.46537580444
1.56249002512
1.52658290631
1.53254123565
1.46225913986
1.52922814263
1.52461862191
1.54652039296
1.54540075085
1.45117402823
1.8810364719
1.50812894143
1.32580645957
0.0211695380347
0.0553118321304
0.0404971025922
0.054252697381
0.125300245788
0.0
0.0
0.0
0.0
0.0
0.0
0.0162093665996
0.0040523416499
0.0
0.0786720029077
0.0
0.000861780448274
0.0
0.0
0.0069008220629
0.00249982114766
0.0
0.0
0.0
0.0
0.0
0.0
0.0
0.00923618129295
0.0
0.0
0.0
0.0
0.0
0.0
0.0158475503809
0.0
0.0
0.0
0.0
0.000861780448274
0.0
0.0
0.0
0.0
0.0
0.0
0.0
0.0
0.0
0.0
0.0
0.0
0.0
0.0
0.00582853036008
0.0108281726554
1.12479452539
1.51086558774
1.48727517028
1.52510141133
1.52555532622
1.48632786963
1.52756176162
1.51701646346
1.54299486797
1.47076319375
1.537337378
1.53531120718
1.52620659542
1.53584406379
1.43023977725
1.5343441711
1.53440995587
1.52659472554
1.53048918375
1.55895425245
1.51028010331
1.53662690252
1.53423891547
1.52694338481
1.46484256472
1.53871885811
1.54298171101
1.53907409585
1.45392887187
1.52901560497
1.56198693021
1.53178514366
1.53515332373
1.8554790899
1.48925529177
1.51591785785
1.53862675943
1.53489676314
1.49859015021
1.50256355014
1.87719663719
1.76828286166
1.57782263439
0.0
0.0328203556443
0.0
0.0170040091597
0.0985440756145
0.0101781414197
0.0200050922634
0.174631110217
0.0
0.0
0.0
0.0
0.104316371627
0.0
0.0
0.0098205655605
0.0
0.0
0.0
0.000836472099106
0.0
0.0
0.0
0.00862013231903
0.0
0.0
0.0
0.0
0.0
0.0
0.0
0.00863290288543
0.0206436205833
0.0
0.0
0.0
0.0
0.0
0.0
0.0
0.0
0.0
0.0
0.00126428607346
0.0
0.0
0.0
0.0
0.0
0.0
0.0
0.0
0.895504042283
1.30398337911
0.0
0.0
0.699718488827
1.54002814314
1.53258928821
1.54984232341
1.52073820259
1.56971971001
1.53159318403
1.53981742879
1.54126050279
1.45896058764
1.54222468056
1.52040616786
1.54918463924
1.54282489718
1.41631328115
1.54177132545
1.59877913385
1.54922933623
1.40962150436
1.55457381826
1.52771093184
1.54004729899
1.53131861685
1.49810875893
1.54358474588
1.53895541556
1.53230833575
1.54143929072
1.47420225863
1.53775498232
1.49529923432
1.54217359829
1.46458602214
1.52983084587
1.54322078474
1.53094827043
1.53720584796
1.48503808422
1.52209826791
1.52801104015
1.54258225642
