3.85398780585
4.42256594872
4.98461466063
3.46983373481
3.81178768173
3.5395751164
2.02221771241
4.35969517557
3.52769272851
4.31136562166
4.31161268121
4.15303574422
3.85035250104
4.79768469907
3.82859949588
4.78296700873
5.24432130683
4.41313062685
4.01198827055
4.57316639167
2.972879332
4.75730810973
4.26404783543
4.58591937035
3.90994091159
3.68401083533
4.13852981921
4.25427133609
3.85278780232
3.9742822773
4.70630795973
3.4177276992
2.49105438545
1.95332339213
0.0127059197233
0.00320000941179
0.0
0.00480001411769
2.39646587196
2.32770096383
0.0016000047059
0.0
0.0016000047059
0.0
0.0
0.0016000047059
0.0
0.0
0.0
0.0
4.08107082668
2.24474777867
0.0016000047059
0.0
0.0016000047059
0.0
0.0
0.0
0.0016000047059
0.477448463084
0.0
0.0
0.0
0.0
0.0
0.0
0.0
0.0
0.0
0.0
0.0
0.0
0.0
0.0
0.0
0.0
0.0
0.0
0.0
0.0
0.0
0.0
0.0
0.0
0.0
0.0
0.0
0.0
0.0
0.0
0.0
0.0
0.0
0.0
0.0
0.0
0.00480001411769
0.0
0.0
4.90323144501
4.05062678419
4.07579059181
3.70092851626
4.04050209965
3.73320515008
4.17499367627
4.08108823552
4.24028646269
3.43875565879
3.93175922277
4.34213836901
3.51745390403
4.29009641476
3.53661416363
4.29558902252
3.89215463002
4.63818118715
3.61614604824
2.25396587961
0.000914314142541
0.000914314142541
0.00137147121381
0.000914314142541
0.0
3.09538363798
0.208436732907
0.000914314142541
0.0
0.000914314142541
2.85545685034
1.577117944
0.0
0.000914314142541
0.000914314142541
0.0
0.0
0.0
1.79868449691
2.84890202468
0.0413861607462
0.00258159287306
0.000914314142541
0.000833639365258
0.0
1.65839778212
0.0922247162307
0.633485242818
0.0
0.000914314142541
1.76695241785
1.90852992908
0.00276983402005
0.000914314142541
0.00182862828508
0.0
0.000914314142541
0.0
0.000914314142541
0.000914314142541
1.27889690688
2.63734586706
0.0875052417596
0.00182862828508
0.000914314142541
1.69122569357
2.17817192635
0.00274294242762
0.000914314142541
0.000914314142541
0.000914314142541
0.0
2.21931606277
0.68976934577
0.000914314142541
1.2102964546
2.69030213544
0.336655845602
0.00182862828508
0.000914314142541
0.00182862828508
0.0
3.42277532999
1.15044921565
0.0216477319043
0.000914314142541
0.000914314142541
0.000914314142541
0.00137147121381
2.66660391962
0.99954704474
0.000914314142541
0.0
0.000914314142541
0.0
0.0
0.0
2.27548587645
0.618257878606
0.00045715707127
3.75100926037
4.72569268826
3.6627369118
3.33265589509
4.07162759902
3.5656088208
4.30291604977
3.77059672807
4.22587201015
4.19504703751
4.63118545562
4.18588782726
4.09436009674
3.96812668402
3.91857866713
4.50754531326
4.89306897915
4.42545267282
4.6222929292
3.97490413176
4.52677413719
4.39908775737
4.13602714657
3.51286979392
3.81090277075
2.72246489429
0.0484812815538
0.00125065521459
2.11117957018
1.36008754587
0.891478072152
3.97662378268
0.0702757878668
0.0
0.00125065521459
0.0
0.00125065521459
0.0
0.0
0.0
0.0
0.00125065521459
2.27830756922
3.51341235758
1.82343691088
0.121460691723
0.0388806635829
0.012837607938
0.00250131042918
0.0
0.00250131042918
0.0
0.00125065521459
0.0
0.00125065521459
0.00125065521459
2.31707788088
0.420183368125
0.00125065521459
0.00125065521459
0.0
0.0
0.00125065521459
0.0
0.0
0.494018005757
4.17594695751
0.144515049245
0.00125065521459
0.00125065521459
2.21944401019
0.0
0.0
0.0
0.0
0.0
0.0
0.0
0.0
0.0
0.0
0.0
0.0
0.0
0.0
0.00125065521459
0.0
0.0
0.0
0.0
0.0
0.0
0.0
0.0
0.0
0.0
0.0
0.0
0.0
3.50085867328
4.570826916
4.25202060816
3.65856151781
3.96584388502
4.04195232319
2.57811882403
4.36905232455
4.1917567365
3.95455164988
3.62445992177
3.79228965912
3.9715615587
3.51518352438
4.07425479426
4.31675503278
3.75860376998
3.78773051289
4.63631779089
3.77724924696
3.90679305974
2.63552726628
1.17285910943
0.00231705488694
0.0
0.000926821954777
0.0
0.0
0.000926821954777
1.53984652919
1.66897463506
0.000926821954777
0.0
0.000926821954777
0.0
0.0
2.95688914937
0.824081015143
0.000926821954777
0.0
0.000926821954777
0.0
0.00659679156047
3.57387316169
0.467254562554
0.00185364390955
0.000926821954777
0.000926821954777
0.000926821954777
0.112404421486
2.80491079339
0.00139023293216
0.000926821954777
0.0
0.000926821954777
0.0
0.0
0.0
0.000926821954777
0.0
0.0
0.0
0.0
3.44488816803
0.0175346536003
0.000926821954777
0.0
0.000926821954777
2.49871199008
2.39710913329
0.0825348580463
0.000926821954777
0.0
0.000926821954777
0.0
0.0
0.000926821954777
0.0
0.0
0.0
0.0
0.0
3.43215799588
0.327965489512
0.000926821954777
0.0
0.000926821954777
0.0
0.0
0.0
0.00845043547002
3.50165601276
0.263162916218
0.000926821954777
0.0
0.000926821954777
0.0
2.6658602407
0.349738990582
0.000463410977388
4.70244739056
4.53754100451
3.9936977361
3.77605909956
4.21200048953
4.02846459769
4.65573327149
3.87488927819
3.77541552236
4.2002243962
3.75442395134
4.50634120375
3.84525049445
3.8801063614
3.6500754406
4.51643304187
3.54967055181
3.8983319198
3.31086233353
3.88324208858
1.76391500331
0.000931132961165
2.51312786219
1.80035927355
0.000931132961165
2.21313188454
1.06637317721
0.000931132961165
0.000931132961165
0.000931132961165
0.0
0.0
1.15464595124
3.15102925281
0.0100233724643
0.000931132961165
0.0
0.000931132961165
0.0
0.0
0.000931132961165
0.0
0.0
0.0
0.0
0.0
0.0
0.000931132961165
2.61797617224
0.689887365433
0.000931132961165
0.0
0.000931132961165
0.0
0.0
0.000931132961165
0.0
0.0
3.2538030534
0.252754672995
0.000931132961165
0.000931132961165
0.0
0.000931132961165
0.0
0.0
0.00895530818533
3.83776719793
0.338863932205
0.000931132961165
0.0
0.000931132961165
0.0
0.873265786255
2.46126512556
0.000931132961165
0.000931132961165
0.0
0.000931132961165
0.0
2.77018902513
2.19599493012
0.000931132961165
0.0
0.000931132961165
0.0
0.0
2.55917786437
2.00522221813
0.0383407689892
0.00186226592233
0.00186226592233
0.000931132961165
0.000931132961165
0.000931132961165
0.0
1.45495687091
1.69004740391
2.92811876053
