2.78671010927
0.0
0.0
0.0
0.0
0.0
14.8625130217
29.2191413436
14.5142629164
34.2042245717
8.95024048585
0.0
0.0
0.0
0.0
0.0
0.0
0.0
0.0
0.0
9.29689474034
16.0510672252
26.7680918501
24.947226101
0.0
11.6498880688
31.3683977215
41.7543719662
39.3144934282
30.3972338586
34.7218121772
53.9933062925
4.92266773057
0.0
0.0
36.1814836979
51.6435046656
75.5179644037
0.0
14.2911984396
52.8833034111
59.9825342997
17.0864197531
60.2621628211
12.6779706097
21.0584923643
59.05818206
15.2456945276
19.1140368376
36.4183788816
38.9098565951
0.245229071082
0.0
0.0
37.0496265266
49.9286743356
41.5346765077
0.0
0.0
0.0
0.0
0.0
0.0
0.0
0.0
0.0
0.0
0.0
0.0
0.0
0.0
0.0
0.0
0.0
0.0
0.0
0.0
3.30802136667
0.0
0.0
0.0
0.0
0.0
0.0
0.0
0.0
0.0
0.0
0.0
0.0
0.0
0.0
0.0
0.0
0.0
0.0
0.0
0.0
0.0
25.8813067057
0.0
0.0
58.1015241473
21.1916621688
34.1643406071
0.0
42.2577942273
9.68031459635
43.3200195338
1.97064795538
51.7082273113
69.0363173722
0.0
0.0
33.2786388054
44.8641118565
0.0
11.3260852803
98.2238671704
0.0
30.2857583468
54.8695093428
68.4967743594
74.4879841674
56.6788495643
74.3335646542
0.0
74.4985735215
0.0
85.8585858586
0.0
30.7532320662
22.3233865371
74.4879841674
37.0772354589
75.292363842
5.80954584008
88.0784434678
0.0759760454417
57.6607808364
0.0759760454417
74.5805125042
52.4506130002
0.0
21.1908396947
29.411365564
0.0
0.0
43.8444495849
29.1539311692
29.5923098671
0.0
81.1123962269
55.0852031768
5.15465083404
38.728146606
41.8926157247
41.4662657105
0.0
17.8308273575
29.8076952733
0.0
0.0
0.0
0.0
0.0
0.0
0.0
0.0
0.0
0.0
0.0
0.0
1.08864728712
0.0
0.0
0.0
0.0
0.0
0.0
0.0
0.0
0.0
0.0
0.0
0.0
0.0138792505205
0.0
0.0
0.0
0.0
0.0
0.0
0.0
0.0
0.0
0.0
0.0
14.5695954034
0.290160402203
0.0
33.9745271726
4.95839118985
41.7112760354
0.0
4.41101268853
33.7087862102
42.9722767537
61.0573138616
2.16040220254
57.4543452238
38.261718937
29.1548958583
56.709312904
0.475460857074
68.7809432607
0.0704812066076
57.0995451281
16.496145559
58.9948767058
24.8755566196
55.4995451281
53.5081637539
19.6299736653
31.8273401963
15.3630835528
30.6745511132
42.7462772325
49.9193679674
64.3043332535
0.0
83.269044769
4.12621498683
87.3549437395
0.0
29.2900167584
72.3587263586
41.2418482164
69.5971271247
52.7989466124
69.2336126407
71.0353842471
0.0
73.3089777352
0.0
54.4547761551
0.0
85.35954034
32.2360545846
46.9278429495
42.5966004309
54.3774958104
11.6652142686
42.1202777113
50.8456787168
5.72085228633
61.81335887
0.0
20.6148910701
26.5952597558
0.0
40.6740723007
25.0199664831
29.8444816854
4.01120421355
71.5710797223
12.7978932248
43.3028489346
36.0125448887
13.1392865693
25.9481924826
38.6142207326
0.0
44.3879339239
0.0
0.0
0.0
0.0
0.0
0.0
0.0
0.0
0.0
0.0
0.0
1.0090495571
0.0
0.0
0.0
0.0
0.0
0.0
0.0
0.0
0.0
0.0
0.0
0.0369643284654
14.7516074661
0.0
0.0
76.3298582933
3.23366002872
0.0
66.2875335539
22.8340096136
83.8439353268
0.0
40.5316187028
68.0312129346
0.0
96.0675447906
12.153317935
43.7703976528
0.149697234534
89.6514139459
61.6830014358
19.975154504
72.8534864848
68.8503651913
4.85823085086
65.7988638492
38.9462513265
77.1309070479
0.0
47.6922404644
44.0419501842
0.0
70.9893251764
0.0
127.713714963
2.17741432049
46.4277420563
85.8365690742
0.0
78.66283788
6.37867532305
63.8164679443
6.25357388102
84.1980148574
23.2537611586
40.6276296897
0.0
47.8490542481
0.0
13.6147075348
31.1133029527
0.0
44.1819089831
0.0
10.7130282789
38.551594981
0.0
0.0
9.66315000936
26.275547787
24.6640863974
55.1779761533
102.960359573
0.0
0.0
29.9339534303
60.4714401648
10.7327548536
0.0
0.0
1.93270491292
9.75366751982
46.2651850927
0.0
0.0
0.0
0.0
0.0
0.0
0.0
0.0
0.0
0.0
0.0
0.0
0.0
1.32180535614
0.0
0.0
0.0
0.0
0.0
0.0
0.0
0.0
0.0
0.0
0.0
0.0
0.0
0.0
14.3398423631
0.0
0.0
38.8528959265
0.0
41.2432956993
0.0
25.065682028
56.0467703378
43.7428578191
11.5395867358
0.0
14.8418187413
55.0577765154
65.5049823664
50.4650997657
2.08203744467
66.4090511018
64.2129281166
12.3906364648
62.1441454236
39.2863263036
30.0602617813
43.9036190206
27.3657601363
35.0530426756
0.0
38.9150039054
48.8130843334
26.0807119695
23.3521266776
63.5851262752
0.0
58.3293332387
24.0054912542
59.2167388577
31.4277734384
0.0
93.397429525
47.9148855594
68.8038060072
51.9922365026
68.4390163081
0.0
69.5398234278
0.0
73.7531302516
0.0
53.2720774456
72.6889630524
25.2249284007
78.5536225709
0.0
82.0603564581
53.169731828
0.0
68.5956117305
23.8137707401
24.6185235153
0.0
46.5438708608
0.0
0.0
57.168311676
24.9786740515
12.3843877962
0.0
28.2305380009
46.4950176336
55.4698099363
35.6650334919
18.0171838387
20.566451277
38.1764302114
0.0
15.6243224692
28.2507988355
0.0
0.0
0.0
0.0
0.0
0.0
0.0
0.0
0.0
0.0
0.0
0.997609410874
0.0
0.0
0.0
0.0
0.0
0.0
0.0
0.0
0.0
0.0
0.0365452436744
21.2054360621
0.0
17.2070626003
53.1956768325
45.1532156233
29.470647405
58.7067308721
0.0
66.3167041199
45.3400107009
0.0
73.9501337614
0.0
69.9118673087
75.9367362226
0.0
13.2776886035
110.51094703
12.108635634
0.0
96.27976458
0.0
0.0
124.040321027
0.262985553772
0.0
70.1885500268
17.1339539861
0.0
29.4352059925
54.818105939
0.0
0.0
0.0
31.3757517389
71.8893953986
0.0
39.6370251471
27.9307437132
0.0
0.0
71.0376029963
64.0883467095
0.0
25.1599785982
75.1255216693
0.0
64.4968646335
0.0
0.367940074906
69.3894917068
0.0
68.7311717496
0.307672552167
0.0
7.40434456929
71.6199036918
0.33746388443
0.0
0.0
0.0
0.0
0.0
0.0
0.0
0.0
0.0
0.0
0.0
0.0
0.0
0.0
0.0
0.0
0.0
0.0
0.0
0.0
1.77772070626
0.0
0.0
0.0
0.0
0.0
0.0
0.0
0.0
0.0
0.0
0.0
0.0
0.0
0.0
0.0
0.0
0.0
0.0
0.0
0.0
0.085949705725
