9.70484585304
2.90882511003
3.94914817842
0.627094129784
4.57141770966
2.15607023316
5.2933656586
2.52970705079
1.25455459728
1.71986569921
1.5532096886
1.28613567283
1.61459544739
1.31072868372
6.6204827709
2.52511054932
2.25420035562
3.60602798336
1.98333163413
4.56785801303
2.92326434549
2.03044404623
4.94328504703
4.00546741754
2.44724650554
2.63705782433
3.32092047534
1.39713599942
1.27976969108
1.78161779572
1.14781208258
2.8263922129
2.17912877289
4.55338421741
2.52822787588
1.32147689394
2.5668454003
1.13978721309
1.9762191529
2.47875154873
0.887076400421
1.60247174275
3.63188589617
2.67070559754
0.149292985497
0.267958755903
0.251846808628
2.1764330803
0.0
0.255461801518
0.0
2.37136621502
0.0
0.250588818751
0.0
0.255178408194
1.86801128735
0.0
0.254217635705
1.3093324532
0.249116555873
0.00522549641352
2.36934098956
0.254507941061
0.0
0.253284511345
1.40163573244
0.250492050299
0.00522549641352
1.47233199874
0.253402015894
1.14723147187
0.253975714575
0.00261966023905
2.3721749228
0.254936487063
0.0
2.02919988042
0.0420528044707
0.253851297993
0.173443626329
1.07546384057
0.690933660042
0.204326586614
1.8339902644
0.252855965343
0.0
0.253125534602
0.0
2.12043870669
0.00260583617447
0.478851773195
2.1529529066
0.0
0.250367633718
0.0
1.33119521134
0.255019431451
1.94602739584
6.21294561143
21.5943887308
11.4478255983
14.7463681563
18.2437340624
20.5524253093
0.0
1.03806738437
1.35784909477
0.251576666641
0.0
1.55612880968
0.257709963035
0.0
1.61288271029
0.0
0.259215408513
1.37599110672
0.252886961779
0.0
1.96921329148
0.00268331717245
0.253228474874
0.262553873255
1.58087108491
0.254294832088
0.00268331717245
1.1821580317
1.77188144965
0.254294832088
0.258128142334
0.0
2.3836429167
0.256399667896
0.0
0.257626327175
2.13283988176
0.256943300985
0.0
0.255277553442
0.00538057365488
1.59183435221
0.00268331717245
1.08169045497
1.25403608365
0.0237595538724
0.23135072785
2.19255588574
0.0
0.259173590583
0.0
2.39100287237
0.0
0.254266953468
0.0
0.25746602511
1.8943522272
0.0
0.258873895419
1.3299077479
0.254671193458
2.38302958706
0.0
0.258211778194
0.0
0.257926022339
1.41161301339
0.256532091341
0.00538057365488
1.49894279046
0.25757753959
1.15697666821
0.25767511476
0.0
2.39337952472
0.258643896804
0.0
0.256183608591
1.83045443022
0.256127851351
0.00268331717245
0.254204226573
1.64756371354
0.253360898319
1.27481959484
0.580802259562
0.255758459637
0.255403007232
0.0
2.12850475635
0.0
0.259919343668
2.13125080042
0.258602078874
0.0
0.254036954853
0.629610753481
0.708291188701
2.22779446139
1.96788857684
1.78748651348
1.35518933169
0.337608317503
1.55951582652
1.81332457919
1.34980873666
1.71144557452
1.44212757695
1.01297708243
0.668979308329
1.24134811129
0.0
0.0
0.0
1.20359587087
0.776903475568
0.688339842225
1.05036901514
1.37211578688
1.62621278572
1.19260248252
1.73801226247
1.68438246262
1.99308609553
2.10233939785
1.45464226449
1.30594727898
1.7419756472
1.26532058378
1.13644252191
1.5036921531
1.6153314931
1.4875904022
0.626591108807
0.0
0.0
0.0
2.55335656651
0.0
1.93426786476
0.587685883745
3.37842917852
2.37550067758
1.14318427937
2.27982697223
2.29541628551
2.59821087208
1.61094374596
2.03294413429
1.78650167243
1.8719826732
1.5258470734
0.853096544449
1.38235653248
0.609448468993
0.882801912834
0.982342920854
1.57907653136
1.14417712727
2.09551757201
1.4621126442
1.50698296345
1.73520986923
1.97417394455
0.732177279397
2.06983964306
2.35221679314
1.88494574367
1.71646586185
1.77251372672
1.56303883517
1.177469559
1.0070680361
1.46986326323
1.53446243092
1.07470179533
1.6992111263
1.37125905523
1.83816179017
1.62247359245
1.50647052583
1.32577220947
0.750088575644
1.57014090033
1.2576660468
1.69500753644
0.944726796684
1.0533235383
1.70511216579
1.0165481321
1.34375556725
1.01073516783
1.24855426534
1.70733806671
1.42789942611
1.45087104387
1.16225656711
2.64390589563
1.90646011694
14.885126422
11.7610816135
6.92236126991
7.13412446073
11.2229896819
7.63398610915
10.7707348992
14.0421876604
11.3892134495
2.14425806137
0.256160995992
1.56009070295
0.253606277507
0.0
1.61421314497
0.0
1.35168971656
0.282292912048
0.250369372615
1.97105232474
0.0
0.248023486703
0.0
1.8439985869
0.254455529974
0.0
0.252833596984
2.73805956253
0.257135548003
0.0
0.259704188659
0.0
2.37787210049
0.25750448555
0.0
0.258256282815
2.13174899021
0.249527081234
0.0
0.254963689236
0.00537395823
1.58514365071
0.252534270295
1.79347502623
0.281005111177
0.254796623177
0.0
2.18275982688
0.0
0.258854936193
0.0
2.16255179483
0.235291660793
0.248434190765
0.257149470174
1.63286885488
0.256787493713
0.0
1.57925457213
0.25530478244
0.0
2.38104635561
0.0
0.257894306354
0.0
1.66606627302
0.150032282035
0.104290987308
1.48507108139
0.0
0.256787493713
1.15176733267
0.255938241247
1.9491736321
0.448363535744
0.25927260134
0.0
1.55775177812
0.541468058188
0.257706357038
0.00268001802921
1.90265269577
0.257622824008
0.0
0.25649512811
1.85512936308
0.0
0.256982404115
0.0
2.1249410483
0.0
0.258179710871
2.13241725444
0.256390711823
0.00268001802921
0.252464659438
1.33909711237
0.258409426702
1.97658638794
3.11328297312
3.96725926627
4.08691307918
5.81107953446
1.92326616249
0.220321508571
1.58814743477
0.279164714026
1.63981581403
2.03910211487
1.05227115409
1.24567502612
1.26630523107
1.77346156988
0.521540386343
2.42483673057
2.64892106745
2.00194160565
3.61670399972
3.30987871414
4.57895619349
4.33858919735
1.50292315696
2.50115266713
0.810858545687
2.46314603746
1.78718523073
1.6935272646
4.86243405807
6.37182350134
2.10660601657
7.28004780924
2.82278162096
0.976567451019
1.61558787743
1.39928372121
3.10427832547
2.86596127967
0.805169589537
1.90337201353
1.33978012907
2.24047878035
1.09175677477
2.05430476674
1.69091323396
2.61901105374
1.26363616821
0.0
2.20159851413
0.0
0.253306447799
0.00520054516297
2.36879328951
0.252673577224
0.00259339355349
0.939503248191
0.915736206474
0.249605530739
1.56451109458
0.234113959697
0.0152164099213
2.22359076662
0.136204754268
0.254696011454
0.0
0.252542875692
1.41927417656
0.249763748382
0.00520054516297
1.45360740527
0.25594111552
1.01301942036
0.377287169323
0.655289327618
1.72228848064
0.00259339355349
0.250658022021
0.658893938287
1.41711416177
0.25217140818
0.0
0.252398416104
1.91802434316
0.0
0.255452704533
1.57445816906
0.254923019377
0.00259339355349
0.249330369619
2.13403270118
0.00259339355349
2.35761486902
0.251339045793
0.0
0.249639925878
0.0
1.33607233298
0.0
2.21918130968
0.251648602053
