15.2569979665
0.0
0.0
0.304370747872
54.1743780283
61.7743077348
9.83927898978
61.6087163909
0.0
66.8665679211
0.0
104.697512113
0.0
0.0
81.5544899957
99.400798333
66.8245926744
28.2693244295
113.501468632
77.7102402531
76.3045715864
69.7578389777
75.5950091633
80.5008912208
87.5396781563
3.86473526975
93.0348203751
75.8131197751
63.9146436372
88.8119900585
83.6669093465
67.1234403635
97.895915447
95.734089825
100.251349384
0.0
26.766650767
89.1425702307
86.4099615896
89.0543017096
68.74882635
97.0126277207
0.172921949138
91.5822559185
71.199056059
83.0800592474
56.9184344639
93.0565109331
86.8200738081
90.7540983607
0.0
45.3197097884
90.9262169558
75.1392061858
80.8674214847
89.5939547611
11.584866819
78.3418773379
114.281826626
91.1037581904
50.4841714157
77.9857906761
49.9056561143
0.0
0.0
0.0
0.0
0.0
0.0
0.0
0.0
0.0
0.0
0.0
0.0
0.0
0.0
0.0
0.0
0.0
0.0
0.0
0.0
0.0
0.0
0.0
0.0
0.00833479778073
0.0
0.0
0.0
0.0
0.0
0.0
0.0
0.0
0.0
0.0
0.0
15.2569979665
0.0
0.0
0.304370747872
54.1743780283
61.7743077348
9.83927898978
61.6087163909
0.0
66.8665679211
0.0
104.697512113
0.0
0.0
81.5544899957
99.400798333
66.8245926744
28.2693244295
113.501468632
77.7102402531
76.3045715864
69.7578389777
75.5950091633
80.5008912208
87.5396781563
3.86473526975
93.0348203751
75.8131197751
63.9146436372
88.8119900585
83.6669093465
67.1234403635
97.895915447
95.734089825
100.251349384
0.0
26.766650767
89.1425702307
86.4099615896
89.0543017096
68.74882635
97.0126277207
0.172921949138
91.5822559185
71.199056059
83.0800592474
56.9184344639
93.0565109331
86.8200738081
90.7540983607
0.0
45.3197097884
90.9262169558
75.1392061858
80.8674214847
89.5939547611
11.584866819
78.3418773379
114.281826626
91.1037581904
50.4841714157
77.9857906761
49.9056561143
0.0
0.0
0.0
0.0
0.0
0.0
0.0
0.0
0.0
0.0
0.0
0.0
0.0
0.0
0.0
0.0
0.0
0.0
0.0
0.0
0.0
0.0
0.0
0.0
0.00833479778073
0.0
0.0
0.0
0.0
0.0
0.0
0.0
0.0
0.0
0.0
0.0
21.1765700279
23.9682190855
0.0
0.0
0.0
12.2258473502
19.7959034176
44.7133801031
7.11599470318
0.0
27.289888147
67.5840306539
0.0
68.2355394021
0.0
108.825402192
65.9088834418
83.2859437072
0.0
0.0
0.0
116.837122813
28.2491758938
114.467078015
53.7766883611
103.097737582
118.835488688
59.6620178627
82.6140365706
66.8708759474
14.8660299214
29.3678190066
84.9050798749
93.0941875863
99.398754684
89.6850646606
76.9866734286
79.8607049277
115.265770715
89.3807793086
86.8425886795
0.0
52.9204068408
64.3198377145
70.0877356098
84.9835178768
86.0755641958
101.148508157
94.8797791114
59.2858310089
0.0
124.632800834
96.9513988674
87.956723861
74.9817710534
71.988279379
95.3724959851
75.5547291015
94.0343166258
75.8405319359
58.7144507368
70.7229031077
110.24416082
67.2427802665
60.8122164934
74.9680218635
100.5040994
98.2992702786
84.7984673034
99.244583439
102.483306567
58.8936409996
0.0
0.0
0.0
0.0
0.0
0.0
0.0
0.0
0.0
0.0
0.0
0.0
0.0
7.40348801172
0.0
0.0
0.0
0.0
0.0
0.0
0.0
0.0
0.0
0.0
0.0
0.0
0.0
0.0493618459978
0.811279996858
0.0
0.0
29.3546993441
3.19861749342
0.0
14.2652684498
22.7305028606
0.0
0.0
55.4073026721
60.0658261655
24.0380189309
117.545108205
67.2574787584
93.9042457091
0.0
0.0
109.798986686
71.1909194454
0.0
0.0
0.0
32.7484387887
125.707762198
77.911158242
73.709595067
63.2245394918
57.0482960868
56.5426338321
82.713273896
92.0300066769
86.6318421638
81.4661901208
0.0
83.3815901444
106.6042444
99.9659086446
67.755285862
57.2646793135
61.3087205268
91.4595132425
0.0
96.9015618659
86.0709843813
107.324195174
64.879253237
71.3538876452
97.3117054842
0.0
67.5782831258
79.8712802587
0.0
75.883586662
53.3873767723
73.0734325701
25.782386133
89.2010002226
50.9914509773
61.0772554102
85.2664074467
63.3521071443
82.2085542595
86.4403859498
2.69630676983
31.1348860349
78.3060104997
68.1277247555
97.8006100834
0.0
0.0
124.383383737
90.7577864184
69.8820418156
0.0
0.0
0.0
0.0
0.0
0.0
0.0
0.0
0.0
0.0
0.0
0.0
0.684759697839
0.0
0.0
0.0
0.0
0.0
0.0
0.0
0.0
0.0
0.0
0.0
0.0
0.0525771441289
17.6448511391
0.0
0.0
13.8631320968
49.0766129617
82.8087068753
2.7030178227
82.4142581609
63.2238641472
0.0
84.1499485186
41.8500804849
0.0
0.0
0.0
73.870615021
31.284655655
106.531780675
77.2325942254
0.0
89.0369360616
77.3676349029
75.3942311876
74.1271226997
60.6205026321
81.2492422814
120.779036211
79.6802645127
80.1364328495
7.2513595429
85.2063749873
75.9123511754
111.578171904
50.9511724698
74.9847006105
119.371086329
67.4460895921
120.384819525
47.7637948287
44.741157533
57.8160882869
8.5393506098
85.6032600026
94.087967864
82.2369882681
104.840755833
83.1606943458
71.2309410212
0.0
51.677538176
103.66599475
48.0788897429
104.519860203
86.5334628827
64.4601128239
88.8829850487
117.613701292
0.0
17.3594558928
70.804704381
75.5223110054
76.9756224894
101.498615079
46.2073466073
20.3684034978
108.004582566
92.6134257581
91.5673245646
80.1775019215
74.4275998086
101.619966066
0.0
0.0
0.0
0.0
0.0
0.0
0.0
0.0
0.0
0.0
0.0
0.0
0.0
0.0
10.9579013008
0.0
0.0
0.0
0.0
0.0
0.0
0.0
0.0
0.0
0.0
0.0
0.0
0.0
0.044781530519
