2.42120109232
2.41494969147
1.84994503341
1.70431483884
0.0209986079198
0.557496878111
3.44658330449
2.21317886783
1.94954662097
1.94943684027
2.27142972587
1.94807068047
1.75063619439
2.24496647877
2.08203972537
1.89080784871
2.2888360654
1.95018090944
1.97095385704
2.10312371827
2.21308128498
1.95076030757
1.96001847975
1.94734490808
2.09757369411
2.2202963164
2.10664279953
1.85657456778
2.30449811162
1.95323037327
1.95722517088
1.95840836285
2.34002436522
1.95535889902
1.94794870192
2.35042303687
1.79725639739
2.11636449021
2.01965379437
1.8635700378
2.15712362374
2.265769921
1.93645832222
1.99011058881
1.97481447824
2.15787379184
2.14422439175
2.09321905976
1.87680471081
2.28992167452
1.64299622019
2.14337054187
2.08183236182
0.0
3.12526130093
0.0792677627456
2.10582554322
1.03627489697
2.6734588391
1.94685089494
1.96758724897
2.33411450432
1.57825000419
2.32984525496
2.01823274423
2.07689832935
2.1619234798
1.98672568396
2.16932147905
1.93249401924
2.16497904256
1.95449285129
1.17689787193
0.0
0.0
0.0
2.50671415698
0.0
0.0
2.60947498906
2.11006429794
1.58869136834
2.3381458955
2.09174921819
1.83305710273
0.770971543928
2.14672495209
3.13508667339
1.80678902132
1.85891045707
2.21486217186
0.785920015613
0.0
0.0
0.0
0.0
3.25326559458
0.0
0.217280396674
3.06845261823
1.61707464816
2.5018357318
1.53460109922
1.66300944948
1.15109219261
0.0
0.0
0.0095341342554
0.0
0.0
0.0
0.00169641837096
0.0
0.0
0.0
0.0157083080939
0.010665079836
0.0
0.0
0.0
0.0
0.0
0.0
0.0
0.00954728478541
0.0
0.0
0.0
0.0
0.0
0.0
0.0
0.0
0.0
0.0
0.0
0.0200216819363
0.0
0.0
0.0
0.0
0.0
0.0
0.0
0.0
0.0
0.0
0.0
0.0
0.0
0.0
0.0
0.0
0.0
0.0
0.0
0.0135647717027
0.0696123305945
0.0
0.0
0.0637011673561
0.0
0.0
0.0
0.0
0.0
0.0
0.0
0.0
0.0
0.0402274712928
3.36945509957
2.11120581319
1.69406442609
2.37692542252
1.19392346885
2.83468222155
2.02381396603
1.82580643571
2.39174606984
2.11534165488
1.74515423517
2.05918231648
2.08654199416
2.20243103985
2.01875101197
2.11058116302
2.11637397148
2.10615600967
2.11325729587
1.70943739567
2.0907435885
2.09808158424
2.10512369306
1.57356611963
2.63577387992
0.248926382511
0.0
2.41888218851
0.558725952248
2.59960482971
0.0305495744642
0.0
0.0
0.0
0.0
0.0178746798234
0.0
0.00971697308258
0.0
0.0
0.0
0.00114435426799
0.00114435426799
0.0
0.0
0.00772271827637
0.0019942548062
0.0
0.0
0.0
0.0
0.0350868387548
0.0
0.0
0.0174530756194
0.0
0.0137188669554
0.0
0.0
0.0
0.0
0.0
0.0
0.0
0.00115104639821
0.0
0.0
0.0
0.0
0.0
0.0
0.0
0.0
0.0
0.0
0.0
0.0
0.0775149443633
0.0
0.0
0.0
0.00957643834791
0.7588005695
0.414416856138
0.0
0.347047181191
0.830520129091
0.0
0.0
0.00900760727903
1.15005596294
0.0
0.0
0.0
1.15254543538
0.0
0.0
0.0
1.1735185715
0.0
0.0
0.0
1.15791921595
0.0
0.0
0.0
1.07159073608
0.0911133529747
0.0
0.0
0.00900760727903
1.16252340154
0.0
0.0
0.0
1.16854631874
0.0
0.0
0.0
0.0155926634176
0.0
1.2234954
0.0
0.0
0.0
0.0
0.0
0.0156071528803
0.0100112344886
0.0
0.0011669537134
0.0
0.00059371329278
0.00174701842473
0.0887362522531
0.00454497762059
0.00730199107212
0.00260687905565
0.0
0.0
0.0
0.0
0.0
0.0
0.0
0.0099156944185
0.0
0.0
0.0988498511025
0.0
0.0
0.0
0.0
0.0
0.0
0.0
0.0
0.0
0.0011669537134
0.0
0.0
0.0
0.0
0.0
0.0
0.0
0.0
0.0
0.0247039324122
3.42835987556
2.16096625132
2.18255148288
1.26439093632
2.31989715794
2.58546443137
1.8105184499
2.125090955
2.15073663953
1.94954972477
1.61023234151
2.61646035983
1.89504411477
2.09141990458
2.17627313541
2.11923571356
2.24306929299
1.81167857932
1.83049314884
1.70290620951
2.62404214682
1.85798821616
2.56056259453
1.75578763831
2.18870699311
1.5516935757
2.40777354956
2.18816787414
1.93012779337
2.22162054726
1.99751083996
2.17838184124
1.80340753896
1.74031014695
1.73758043066
2.72385422291
2.06760995425
1.96924462779
2.42750257404
1.70723963412
2.22991888477
2.18994218973
1.7654303611
2.19235798864
1.45337601927
2.56095840339
2.17700333452
2.04959382675
2.10564172644
1.9988074552
2.19692343914
1.31188117545
2.62402849824
2.17391875511
1.79829614521
2.24920433035
2.09466826696
0.404251084526
0.0101047262514
0.0
0.0
0.0
0.0
0.0484971718312
0.00772673814991
0.00117865497202
0.0
0.00998755002606
0.0
0.00905014022375
0.00769227455423
0.0
0.0
0.0
0.0
0.00736142403577
0.00381167368144
0.0
0.0
0.0
0.0
0.0
0.00119933312942
0.00115797681462
0.0
0.0
0.0
0.0
0.000599666564712
0.000578988407308
0.0
0.012799779433
0.0
0.0
0.0
0.461956929121
0.0400053418573
0.0
0.0
0.0098359102051
3.01129802825
2.24744689375
2.075383946
0.206278405542
1.20838326965
3.70762119339
1.83538635845
0.805710617803
1.19826475796
2.20538752159
1.76656255789
2.13015349224
1.4477329416
0.0790112394401
2.72624962844
1.80809119067
1.77656389335
1.38968246105
0.525149378147
3.34441625131
1.56329627061
2.10436782996
0.0226908313912
2.80778360308
1.23270078275
2.79097915383
0.714175307695
0.577210085771
2.95640441306
2.20878563213
1.79143838124
0.0
1.8758948688
2.34391049804
2.28495017856
1.06538691848
0.0
2.65896290425
2.26416173765
2.29096752237
0.331601824847
0.0
3.06875573496
1.34122664553
2.51549784818
0.588086796566
0.0
0.0
0.0
0.0
0.0
1.6916042373
2.46968194409
1.8533074282
1.55872639782
0.0
0.0154810471764
