39.4910652835
88.5862742236
60.5218706903
1.1524933701
0.00431083987976
0.0
0.0
0.0
14.6580300187
0.0
0.00107770996994
12.272097588
1.19127711222
0.00107770996994
0.00377198489479
0.592443422385
3.78082073486
2.89446646016
9.38066391425
1.65198430758
0.00107770996994
4.28237728312
1.22837520542
0.762369269377
16.6550818602
0.0
0.00107770996994
8.02267335975
6.74866128215
0.00215541993988
0.0
0.0
0.59325861326
0.0
0.00107770996994
3.1640183038
0.00255610697999
5.18955346711
2.15703650483
0.00107770996994
0.5964157508
4.11749456611
1.16856921048
0.00107770996994
0.0988177141668
16.7096236564
2.4450683111
0.00107770996994
0.0
28.9945708633
0.541915404949
0.00215541993988
0.0
0.594833727832
0.0
0.00107770996994
0.0
0.0
20.7317408902
0.000718473313293
0.00143694662659
0.0
0.595849262226
0.0
0.00107770996994
5.37941694854
2.58073541616
0.0
8.46443082147
0.0
0.00107770996994
0.599013308164
0.699875907915
2.1526013138
4.25776957214
1.31532429312
0.00107770996994
0.0
8.34903295392
0.593341514027
0.0
0.00107770996994
0.364058717922
15.0520435471
2.01377016281
0.0
0.0
10.6030771728
0.64881594389
0.00107770996994
0.0
4.12174323042
3.0159022669
0.00107770996994
4.83712158175
1.67012575874
0.584367506008
0.00107770996994
7.3081032909
0.000718473313293
27.4661736222
92.5753304162
69.7128142684
0.00354605647819
0.0043049401603
0.0
0.0
0.0
14.6250752416
0.00642981447019
0.00107623504007
13.4471014955
0.0
0.00107623504007
0.000441532324133
0.597110377907
4.41946950581
2.24524705976
10.0533460734
0.971143447988
0.000358745013358
4.88485837333
0.61799347705
1.21850503364
23.3028825507
13.4620446051
0.0
0.00215247008015
0.59615142489
0.00107623504007
0.0
0.0
0.592081048777
0.000358745013358
0.000717490026716
0.0
1.86581211765
5.52257592717
0.00107623504007
0.0
0.000441532324133
5.31164765721
0.561980962368
0.00107623504007
0.000441532324133
16.3517839803
2.87493424445
0.00107623504007
0.0
28.9866453719
0.000717490026716
0.00143498005343
0.0
0.594019651638
0.0
0.00107623504007
0.0
0.0
20.6405875139
0.0631460212936
0.00215247008015
0.13727515915
0.458834872085
0.000358745013358
0.000717490026716
4.65713807716
3.29041616146
0.00206278382681
5.97260774855
2.48239131147
0.0
0.597841665819
2.04579863021
0.80686582764
4.95962221391
0.60548569418
0.00107623504007
0.0
8.33724790833
0.591094499991
0.0
0.00107623504007
0.0
16.7168346272
0.686313705267
0.00107623504007
0.0954399714384
10.5587764035
0.583353886433
0.00107623504007
0.0
3.62951988534
3.49799844429
0.00107623504007
2.02545364859
4.47217052806
0.583567753653
0.0
6.82393726102
23.4170250829
59.0560324337
98.3967808778
23.6868577624
1.13840683934
0.0
0.0
0.0
0.0
0.0
0.0
0.000886696009608
17.2173782027
2.99257825049
0.000360220253903
0.601103694076
0.0
0.00108066076171
10.4853604237
0.587983364059
0.00108066076171
5.14995813305
0.379512819425
11.7585173473
14.935133511
0.611446171751
0.00216132152342
0.0
0.601498550893
0.000360220253903
4.47632547632
0.0
0.596919597281
0.00108066076171
0.0
3.17271608669
0.0
5.32621667421
2.04713863025
0.0
0.00108066076171
5.48298175779
0.420758038497
0.000360220253903
0.000720440507807
19.3472774363
0.00870070459428
0.00108066076171
0.0
0.100252067586
21.4105012863
7.61509773139
0.0
0.00216132152342
0.599725158874
0.00108066076171
0.0
0.0
11.7700721047
1.97458888565
0.00108066076171
0.0
15.0355310521
0.0
0.00216132152342
0.0
0.0
0.599274883556
8.60760151327
0.0
0.000360220253903
0.603916182981
0.00264623340367
2.8640073291
5.00812140808
0.588918551256
0.0
0.000360220253903
5.52202409146
3.44583231228
0.0
0.00108066076171
0.000443348004804
15.007870293
2.47184523691
0.00108066076171
0.0
8.17981225251
3.10833364362
0.00108066076171
0.0
3.58890209889
3.57589260587
0.0
0.00108066076171
5.39478321408
1.13247013246
0.58922335301
7.1105538473
49.5689528594
95.397562336
45.4899272333
0.858652669627
0.00215835736552
0.00107917868276
0.0
0.0
14.6776463874
0.0
0.00107917868276
10.9239862163
2.55593786075
0.00107917868276
0.495592056622
3.85874173646
2.92276176352
0.0
9.91473277789
1.13510919334
0.00152191865518
5.35130811503
0.16507283159
2.0712759472
23.4694245677
11.4939378348
0.866248427279
0.590933342557
0.00107917868276
0.0
0.0
0.000442739972415
0.59398409768
0.000359726227587
0.000719452455175
0.0
0.598280058974
4.7935802704
2.01587810815
0.00107917868276
0.596868825312
5.29326767177
0.000359726227587
0.000719452455175
0.598646703014
18.6816898485
0.0022759601707
0.00107917868276
0.0
29.0709637809
0.0
0.00215835736552
0.0
0.596730469071
0.00107917868276
0.0
0.0
5.97214024135
21.2044983073
0.883854258994
0.00215835736552
0.598100195861
0.0
0.00107917868276
0.0
0.0
0.000442739972415
0.594758892631
8.54733037309
0.00107917868276
0.598750470195
0.000359726227587
2.8586682347
0.0
5.79088664733
8.14877446636
0.00215835736552
0.0
0.0
0.600279306662
0.000359726227587
0.000719452455175
8.9969466507
8.45200292278
0.00107917868276
0.0
0.0
10.6676743613
0.600632115078
0.00107917868276
0.0
4.28743855037
2.85993419431
0.0
1.44062052774
5.0776533052
0.584804161064
0.00107917868276
5.46350810897
1.85851171921
3.45472376594
49.0381183938
56.6753296284
53.6001961425
25.0968998583
0.0065721368639
0.00318731611638
0.0
0.0
0.0
3.38555628201
9.92118884167
1.14428734881
12.704832734
0.568472812466
0.00106243870546
0.0
4.15280047946
1.53565980168
1.48000435872
10.3039255748
0.57817778141
0.00106243870546
5.365213305
0.0663887980822
31.15442819
0.0
0.00212487741092
0.0
0.0
0.58850931677
0.0
0.00106243870546
0.00407268170426
0.580779394138
0.000354146235153
3.11706576223
0.0
0.591465075733
4.39012613054
2.26554157132
0.00106243870546
0.405395281682
22.1222553667
1.66915250082
0.00212487741092
0.589013294105
0.0
0.000354146235153
0.000708292470306
0.0
28.6139806037
0.00533262504086
0.00212487741092
0.0
0.587119973848
0.0
0.00106243870546
0.0
4.49118039664
13.1624441539
2.78895608587
0.0
0.588815789474
0.0
0.00106243870546
0.0
5.54439767898
2.29964857797
6.12011005775
2.22437888199
0.00106243870546
0.0
0.589469597908
2.81397106898
0.000354146235153
4.92009916095
0.578736242781
0.00106243870546
4.30387109077
4.50529176201
0.0
0.00106243870546
0.0
15.2369919364
1.94132069304
0.00493080527405
0.00106243870546
8.3036122916
2.78919445353
0.0
0.00106243870546
5.04334886128
1.99492617413
0.0
0.00106243870546
4.98172060586
1.43154080854
0.576788438488
