5.9412285129
6.11394471989
2.35855476056
1.78989146708
1.33406508582
3.95413031584
1.77227511971
1.77363231134
1.7880728303
1.73825711147
2.58732976788
1.65744992175
3.5618408608
1.7408154177
2.07273698899
1.76654777102
2.19500638304
1.78457127589
1.76947930495
4.13718832306
1.7681085414
1.81497236843
1.92582778086
1.77599382478
2.04456169072
2.15473172139
3.2949355546
1.92659459414
2.16239306814
1.77265513337
2.20893795514
2.05554137102
1.76595060671
2.03228589242
3.27045181758
1.77463663315
2.08313307688
2.19286880622
1.77414804416
1.77773103007
2.06789860082
3.54300304096
1.38487834049
1.8212697376
2.37167880364
2.02357272214
1.76177045648
2.0161692418
3.83604107201
1.77714065171
2.21941547453
1.77505736255
1.76576738584
1.70460554498
1.82148688826
3.24219508781
3.1507475157
1.76662920252
1.77034790759
1.77653670143
2.19240736107
1.29267074107
1.96182728888
3.66515028777
2.19427349956
2.07746680182
1.77479949614
1.77694385892
2.20319024858
1.76833926398
3.46884609023
2.14571996895
1.76396910693
1.76087471001
2.50895195118
1.75365445053
1.47667878243
3.78088480412
2.54956591074
0.941809560567
2.27628180388
1.99357878709
1.47982746701
2.53063987344
1.77732387258
3.62288734037
2.05633532812
2.17916117075
0.990749890788
2.21053944126
1.82197547724
2.4493169509
3.91509069857
1.76755209283
1.77102650341
2.49110488122
1.34150249596
1.76301907278
2.21775970074
3.83595285456
6.67833320933
4.07984095482
3.60907969388
3.45049130633
1.4214956683
1.53920847687
1.68866111024
3.11889111323
0.930379670179
2.67674137337
1.79575706507
2.55023194088
2.44439561276
2.22696466297
2.06160751208
1.73955833473
1.2292018846
1.98353141886
2.00028722258
2.26273944587
4.01760016887
1.78444118772
1.41620800451
2.18441419572
2.11553614592
1.50890130444
2.10054520382
1.83537301734
3.1477656333
2.60850697899
1.81289352521
2.24667574475
2.49300197768
1.43182183895
2.25733412464
1.78795014785
1.79999273292
3.2559205051
2.07223820787
2.21264506038
2.08486908014
1.95302353668
2.14198830693
1.50031231129
1.96427020377
1.93549949909
4.38312030992
1.8090177507
1.82031286498
1.78191501326
1.39638618632
2.92529617665
1.41188928435
1.38403907611
2.68784961995
3.93065824147
2.14028573455
1.23318839552
2.36017364854
1.83241081826
1.53575488495
2.47102079941
1.68803821791
2.70075041223
3.61936433838
1.80456061002
1.82490842618
2.54490275093
0.928303362407
2.2424954451
2.27640847203
1.38298708017
3.28608925701
2.74822864993
1.88523208795
2.57345890381
2.26414441413
1.81211837031
0.965759954598
2.61171833501
1.6374870447
1.35729623202
4.46181237445
2.27246348726
1.22008689348
2.70545670985
1.46108393647
1.70971487104
2.24623279909
1.6914295206
2.22142784225
3.59833826168
2.55689688883
1.04573932994
2.12519789808
2.68696372863
0.927002209538
2.99068602939
1.79644916766
3.60402734497
7.85764219892
3.33034912477
3.14134234122
2.03641839709
3.61788314613
1.7873613241
1.79063566406
1.96750528454
1.70872190216
1.73142122933
2.2427087219
1.79851065887
2.74339951092
2.30999848026
2.1810143546
2.23388734613
1.5309887954
2.42230695901
1.89806717232
1.68317652423
2.24830411296
3.77391856979
1.95603818682
1.86703692958
1.78649092994
2.26429587875
1.6747419903
1.8394122767
2.21747419903
1.39408131968
4.39344579379
1.75794752767
2.24492615465
1.81815669858
1.36908857297
2.55530456888
2.06847100758
2.00668683771
1.80983959879
4.38003757892
1.73654688385
1.66477390475
2.02365261602
2.1135380832
1.81741064644
1.68243047209
1.80972907255
2.58506375983
3.70868045482
1.79403434603
1.80771196861
1.81738301488
2.10706539009
1.85163233445
1.78212514334
2.2345366878
3.93922438209
1.80978433567
1.45574114754
2.16070515743
2.23130379519
1.88267639298
2.06308285323
1.80066592061
1.80260012987
3.9042151946
1.80557743054
1.80458960224
2.25702877827
1.93268261008
1.7670106796
1.59096309805
2.22450643125
3.75319489921
2.43516945055
1.39705171247
2.19668144955
1.83136458463
2.226157417
2.11706801509
1.34567773311
1.96530857545
4.5068319034
1.85501720065
1.92775037648
1.80986723035
2.12513643083
1.65010154599
2.23044721681
1.74520937815
2.06894074412
4.00034539451
2.07609731836
1.24176234095
2.03401445131
2.55565687128
1.286801785
2.35507937166
1.79341263591
0.981125268673
1.04578352415
0.634631028783
1.0043496625
1.27141233211
1.06915079336
2.12707158146
0.639024446871
1.61196295598
1.03368912281
2.28019113155
1.0161511693
1.00558553458
1.4423484427
0.94290610319
1.02970289957
1.41895259841
1.41710950595
0.957293654458
0.763297456729
1.22078443944
1.36520287858
2.23488534697
1.24420171504
2.04546830533
1.33339881788
1.3378779612
1.46478702191
1.18123653288
1.11928576595
1.33991393544
1.78045589749
1.33812799313
1.52929525823
1.10411240007
1.91101542429
1.50212036001
1.75655284559
1.85514400499
1.44945649311
1.14271018532
0.9439490935
1.48227496904
2.30075089945
1.36632445035
1.49037600336
2.68145665027
1.41543786394
2.34421359156
1.31471071753
4.26770918073
2.31163086001
1.81646049451
1.82574739453
1.98622502695
1.87652530636
1.87854699305
1.8808830056
2.13641563164
1.99042556326
1.95430666594
1.87761115928
3.34170523558
1.90672916274
2.70587405356
1.86843855957
1.85969458601
1.71404741855
1.59491792256
2.32345379812
1.87348206066
1.96319351489
2.20673889613
1.87143894265
2.21253963676
3.4028916192
1.84749302813
1.54796907105
2.1841645853
2.158818492
1.60954836198
1.87723968328
2.34098460786
1.92134531462
2.27591915754
1.40675104053
1.96896568044
4.09912337022
2.3310547686
1.35017238808
1.69515929266
2.0818086595
2.3236681112
1.86426659832
1.86460949925
1.72141978842
2.47976661306
1.86103761462
1.87343919804
3.75147898348
