36.2024013722
11.0908407536
3.46142018547
1.56577122044
1.61129752004
1.43699643963
1.3130052688
1.46731085948
1.39686878558
1.38899633029
2.76731154285
1.41620140365
1.36644502607
1.41961826792
1.69898109107
1.37839038358
1.43388025941
2.75813384541
1.70502210711
1.42461372349
1.37536304183
1.38298264916
1.3768869633
1.70508361067
1.36065002426
2.75162813583
1.43377775348
1.69272822945
1.40442688936
1.36510561527
1.41053624268
1.70403121647
2.76472155973
1.42570028633
1.39014439668
1.71536837214
1.41568887401
1.39891890414
1.34970922485
1.42849528131
3.05735548373
1.37615575434
1.40368884667
1.28435827872
1.80835491653
1.38943368892
1.41775266003
2.77003136681
1.70963487388
1.38325599831
1.4050350912
1.4034564999
1.37715347871
1.6386939378
1.43019004599
2.8016236939
1.40435855207
1.72697887695
1.38645418327
1.4096068556
1.36570698339
1.41171164399
3.08656283955
1.40577313388
1.38637217852
1.67620427381
1.34143357958
1.38738357035
1.37649744077
1.36253613334
3.1354991697
1.39219451525
1.388449632
1.42177089242
1.6627964984
1.42089617516
1.37582090164
2.83838231978
2.00625286162
1.31590276971
1.45839967745
1.38039949977
1.41802600917
1.379210431
1.67590358976
2.45004886116
1.65171219069
1.36805095228
1.46725618965
1.36687555097
1.40463190121
1.70888316374
2.76805641926
1.42661600596
1.37654527687
1.70729090499
1.39958177581
1.39021273397
1.38344050898
3.0472005631
24.791489369
5.94209882124
1.41815945511
1.39568035558
1.44978527005
1.42427327613
1.43536872911
2.7779322625
1.400565923
1.38711688909
1.36573566987
1.40180103835
1.37358551416
1.35063981549
1.93485624201
2.65000175832
1.37843677282
1.38039237213
1.3892303087
1.70896736637
1.3995503837
1.3210793879
2.8353925737
1.70297705687
1.31745638284
1.44371261953
1.4119427078
1.73166604196
1.36188622701
1.35154556675
2.80730742279
1.69798856317
1.40273423663
1.33419905771
1.44146196488
1.37424424235
1.70748522793
1.35407069148
2.80861115566
1.37100549541
1.71693386043
1.40603473933
1.36839802965
1.41415219194
1.37589106283
2.63549601461
1.85558242122
1.32769411682
1.45112331169
1.35966988111
1.3992210196
1.36642184507
1.41312292914
3.09412179438
1.40331062379
1.37808682346
1.37674192007
1.35948461381
1.69796797792
1.37709873118
1.37482062951
3.1227353002
1.38346643703
1.3999071948
1.37333849108
1.38291749687
1.72003537233
1.38275281482
1.58473534651
2.57135235697
1.72050883322
1.37917098028
1.37108783643
1.41140749115
1.68733226233
1.41242303044
2.76281582286
1.3814833907
1.70692256427
1.38761093523
1.38066684221
1.38824221641
1.41939457047
1.68221339534
2.80744465783
1.34693446941
1.41127025611
1.72315746949
1.41124967085
1.38335664899
1.37108783643
1.41892797133
3.06012181325
1.423806677
1.36850781768
1.383384096
1.67609957431
1.4108997215
1.36019137426
3.14294315982
18.0117324614
6.37387947437
2.61717692799
1.4372402613
1.40649406851
1.3618859863
2.79603514243
1.45075182547
1.40329305738
1.39003565075
1.34673957095
1.38966471813
1.4225952919
1.35704325487
3.10068073005
1.39847780243
1.4050927675
1.3347804285
1.45768277018
1.70045130136
1.36505952095
2.28951977964
2.2449941269
1.36924281662
1.44537330247
1.37605011712
1.40267483634
1.41806167098
1.71644261878
2.81015805851
1.391114103
1.38602408314
1.67940430969
1.44869795781
1.38016472156
1.3847052116
1.75497152749
2.7905879282
1.41459963319
1.38748033714
1.71396286552
1.33167558508
1.41517663949
1.42714265107
1.34704868147
3.13273892526
1.4300688973
1.3933328296
1.71653191738
1.39613543162
1.39778402105
1.40588958572
1.41115820276
3.09585173686
1.40361590614
1.37091201341
1.41366543251
1.73156842676
1.29937697058
1.4935739358
1.40413109034
3.07128088529
1.42394163993
1.28631189938
1.50474999828
1.39242610541
1.7404502023
1.39825112138
2.27341855625
1.95377080486
1.6729061197
1.41001105929
1.39937765749
1.42501322306
1.39296189698
1.6919267202
2.80658611476
1.37082958394
1.70416062756
1.41567121632
1.40479052611
1.38322835024
1.41383029146
1.33179922928
3.1858647195
1.38359241374
1.38739790767
1.71138694455
1.42559022936
1.40713289692
1.3923299377
1.38149733135
3.0262537866
1.38297419271
1.39608047864
1.3875009445
1.69597950254
1.42190837964
1.36429017922
9.05666928393
5.93120443152
3.13806224492
2.95039215855
1.39364435663
1.37258427742
1.39500418475
1.3429579713
1.44220471626
1.41501505647
1.39834508227
2.80842472195
1.41261292354
1.39365125931
1.39378931292
1.34406240023
1.41184672597
1.41137734368
1.6276521394
2.8263371787
1.37711933872
1.42725350958
1.69860479564
1.39787569997
1.34547054712
1.40651785637
1.38395989542
2.93159615866
1.51092780659
1.38803937979
1.39961517554
1.71940947566
1.39928384686
1.32687472497
1.44600119071
1.68878228082
2.41796077552
1.41645771677
1.38210997696
1.7079786362
1.35256650302
1.41030052547
1.3679456759
3.06193257806
1.40611750088
1.37981828693
1.37945934752
1.40129942967
1.66984132462
1.34585709725
1.42595580559
2.80556701209
1.697969749
1.40679396361
1.37095524474
1.40922370726
1.39318187701
1.67203637713
1.41085273993
2.77755593329
1.39840030372
1.39188417302
1.38953035885
1.41165345091
1.39636401287
1.34776223716
1.42311190108
2.79881619024
1.3532567711
1.39525268126
1.38130926599
1.40624174914
1.39450719173
1.39268488399
1.30297764394
2.84208219367
1.3762634063
1.4132410675
1.72167355497
1.3934027628
1.40880954641
1.36863594398
1.40591042046
3.07290784058
1.29831833438
1.43318981509
1.44070683452
1.71847071106
1.377416154
1.38942681864
1.40985875389
3.09045445525
1.39980845061
1.17259290577
1.57694504603
1.72153550135
1.3967160496
1.34582948653
1.44614614701
