1.08038904173
2.17412846644
1.92485931896
1.84076843923
1.86091801105
1.94686885126
1.65266443644
2.11162001696
1.8548972501
2.27632985021
2.37802835579
1.72537511356
1.68057073232
1.78093282184
1.82956734392
1.56320722629
1.81206304922
1.63644833658
1.7054459815
1.78729113117
3.17488364483
1.6345057112
1.71252760879
1.57305123933
1.16773140793
1.07883218593
1.3078415417
0.891003732837
0.886650047575
6.48411843471
2.70248123894
2.15236004013
1.05122210597
1.09616426206
2.20625067273
2.39119274271
0.0130197233309
0.348398152095
0.323963782436
1.76232632834
6.77872928534
1.82722517147
1.92821413656
1.66856365413
1.96765907613
0.667505371066
0.718082518524
0.563085812204
1.16860627823
5.18088546174
3.23628989551
3.08669396331
1.82254082656
1.90202313756
1.98299341695
1.77260433216
1.36235216113
3.70972561278
2.76347416506
1.71645419202
2.13148715034
1.88795632537
1.89490017782
1.91600728485
1.91418865682
1.84324838653
1.45824345677
1.36278615191
4.17200845593
1.73709286455
1.96086677603
1.90308400391
1.99466294675
1.89004361435
1.90261556942
1.92258603394
1.86875051127
1.8538432725
3.64834691707
1.71139785502
1.87720988707
1.73645910024
2.03487942548
2.13002673693
1.96449025458
1.92424622088
1.64527970447
2.14779969259
1.71439445801
3.59570314686
1.6740195382
2.03184149004
1.77495339335
2.07028756194
1.83995556761
1.92503153752
1.9032286675
1.91768813802
1.84615543586
3.59525362646
1.96463893804
1.84707302991
1.53480157304
1.56979134555
1.81625259945
2.05993429199
3.28583667011
1.94131923569
1.83180588034
1.92730561379
1.85226426952
1.99268661978
1.83874797111
1.89504090145
1.79526963619
2.28195175622
3.39076511174
1.66212319656
2.07328027414
1.81622534885
1.95460390399
1.47741861863
2.31793617568
1.90138347898
1.52223223303
2.97103090729
2.06565010568
1.96594015427
1.81104773454
2.05211336932
1.92675378911
1.0968367161
2.65200130122
1.73362877527
3.68843024612
1.87734163568
1.70706625132
1.56610570168
1.83020490749
1.87892898323
1.88399759513
1.83244626948
1.97314793841
3.68078645236
1.8229085589
1.55914317296
1.86988859613
1.80937182254
1.76047061789
1.8868044071
1.84369395531
1.73946040402
3.81508422991
1.83576403023
2.0394350269
1.80249104562
1.88160635484
1.89230221598
1.15014570556
1.51381179713
1.89737764054
3.6971300007
1.92178055431
1.84815624132
1.93844429722
1.85778251635
2.18462623245
1.89476158278
1.8485445624
1.7721883766
3.27036514103
0.945589064334
1.99515279923
1.85827302718
1.8783839712
1.90659515655
1.79855333369
2.00563746821
1.86249687044
2.18123353255
3.49077481976
1.86775623656
1.73695334867
2.1854710011
1.90051145973
1.83511001579
1.88320732769
1.74818059655
2.37247825487
3.61073878084
1.94965791979
1.89034698532
1.84249492883
1.87609492066
1.88615039266
1.81843264758
1.96588565307
1.79867596139
3.83341982978
1.92769582025
1.8723175396
1.68344355208
1.92680516375
1.75736119033
1.62866817736
1.66521934986
1.52896260784
1.66343803686
3.67076539937
1.49706340275
2.24398164562
1.9775246258
1.93497179873
1.91526088528
1.90457985849
1.86547318696
1.60704577803
1.86054032019
3.72327302561
2.12087236379
2.02079682926
1.83847944382
1.90797805559
1.83625965377
1.82107053486
1.37658498319
1.28229186471
1.47479699027
3.8699984071
1.93867144881
1.89827675095
1.85747098087
1.90563494388
1.78972627728
1.97843583591
1.86783000108
1.83317661205
1.51053286951
3.44812867931
1.76402741167
1.93864404399
1.84604317286
1.82891516326
1.95697786547
1.83009357032
1.68293656299
1.82448928557
1.98293022563
3.72921987055
1.83026485041
1.67331062159
1.80423712702
1.86947429
1.81576085188
2.17019418024
1.94448126967
1.90855355672
3.13424077528
1.9891305651
1.4593406744
2.07906631794
1.98240953414
1.85991000944
1.93609539616
1.88689005017
1.88558832144
1.52346109116
2.79488009537
3.30644578385
1.23257267843
2.13752078912
1.46333492624
2.24223458865
1.9019284426
1.80803269394
1.94968818459
1.84193930176
3.01252913903
2.64272856044
1.83252574768
1.94609130257
1.82839447176
1.91992655509
1.88813696927
2.20993116253
1.11214221729
1.91787119394
3.93240602289
2.35791031432
1.97558573511
1.69030160712
1.93417705909
1.82137883903
1.81932347788
1.98654766126
1.79104170842
1.81049912733
2.7774953076
1.7622581652
1.9226829821
3.23229566162
1.82669898969
1.69389753259
1.66412614531
1.75863251371
1.47068737735
1.34663536977
1.85816690823
1.83146706344
2.95418767022
1.67545459598
1.60462441586
1.76539127535
1.93349836888
1.8094326796
1.47650210142
2.36666110847
1.79244000359
1.94823356378
3.82128616566
1.84040805681
1.82059694984
2.20476550842
1.93574216829
1.8915502653
1.88377221674
1.70827016234
2.3371154693
1.98691858104
3.7492519956
1.6996370073
1.72674730321
1.8225055475
1.84194040763
1.80732569723
1.94590767415
1.82727362125
1.92468735169
1.93500335629
3.41965291228
1.72072051272
1.64560795933
1.87925041366
1.83633090911
1.88596813018
1.78535288107
1.94354073941
1.887685184
2.28260072085
3.70243320549
1.83007837051
1.92916126881
1.71632184498
1.88985373404
1.8676072838
1.85061460778
1.84546344634
1.38974641817
2.61646849574
3.02896502187
1.83660454318
1.92928440414
1.87780015306
1.89089354352
1.87764281347
1.86796300809
1.80562916597
1.92165001347
3.82158716314
1.70162769519
1.6252222208
1.70907738286
1.92717742177
1.83321148066
1.64634677133
2.06367293887
1.97952362018
2.234338511
2.83602563609
1.70513705219
1.75623821556
1.80368636404
1.95484182668
1.80114156715
1.91379671554
1.6943079837
2.4772503196
3.39538841074
1.85474648231
1.94493627319
1.72982568654
1.66987930172
1.70483605471
1.8112660279
1.64674354074
1.63583238203
3.77349597459
0.766404470479
0.347683360051
0.00333256487331
1.33860870757
1.73450744531
1.56391287978
1.17583285193
1.26141852974
1.57873852094
1.20795507446
1.59983764428
1.61979030832
1.15066771462
1.05599581293
1.3896937939
2.7004955232
1.65505995323
2.08480416286
1.87856966743
2.04803201541
1.92246267999
1.98024850039
1.99970982475
1.91341206043
1.92280448152
1.97856797622
1.91561952862
1.9754490373
1.99882683747
1.89768919026
2.04558243781
2.4721080164
3.34988281726
2.04818155358
1.91166744848
1.93349290005
1.91300617112
1.96011069385
2.05012554975
1.79281308886
1.96194075618
1.9704288274
1.90363511263
2.0144357738
2.27176247642
1.82671552767
1.89250520046
1.97129045208
1.98014168741
3.83774752795
2.02431953458
1.88949307451
2.00091325095
1.47514417527
2.10988384979
2.03072831318
1.62063057041
2.25649534162
1.70436482328
1.62737402967
2.31388239357
1.97085607931
2.26370877798
1.87250269035
1.98768980443
2.06581993646
2.7041912522
2.55958072346
1.84965895507
2.05565134108
1.68958190731
2.03807704598
2.03292153964
1.96191227272
1.81943800352
2.47363188154
1.96362128035
1.86683448172
1.92266918508
2.02425544679
1.73400898475
1.88757044093
2.41861607767
2.88359432787
1.81836275289
1.99273137693
1.9341765031
1.84125633423
2.04727720371
1.98803160596
1.88663048674
1.88888780098
2.08627106107
2.11501087267
2.05231877621
1.85074132656
1.41240935361
2.6751238808
1.78991489676
2.10259208391
