8.7005776013
9.6624275839
3.20884774285
5.44588108168
2.73573811953
6.32547276153
3.12162795981
3.89469292635
3.1235766192
1.4227148384
1.4032282445
1.43540185485
2.64891912459
6.22389370823
2.90404839171
3.0281959612
6.52565950805
3.18812423395
6.31145208811
3.10522328821
6.32042835956
3.13589048811
6.35020415144
3.14132185789
6.35547658801
3.04816626487
2.49310929509
6.15778440191
3.17270771232
3.08465180238
3.11283826213
5.83218553034
3.16059423746
3.16440172443
6.27793791067
3.03014462059
6.16065210988
3.14099708133
3.29381482035
4.55367148678
4.52348108652
2.99493745892
3.14402372251
6.20285233291
3.20589020306
6.37550217281
3.09332402768
6.41815155491
6.4054714486
3.14311849421
6.38554260576
3.13481250632
5.53132495882
4.00583561296
6.29541365392
3.18388831832
6.25619861123
3.1369684699
6.2646220715
3.14635243958
6.30821814274
3.10270799736
6.27632784812
6.32988143064
3.01941317366
6.37460385465
2.94358130082
6.28439889127
3.05399151262
6.07296243734
5.47614749348
3.96941226671
6.14911217662
3.22102340896
6.42731440013
3.12846899809
3.08388477688
5.88106785844
3.06952550662
3.02579123259
5.23968251363
4.23244673362
6.27236833809
3.11460725789
6.26926568537
3.22932939686
6.35168983147
3.08932996694
6.32844412159
3.13193788821
2.98222971205
4.61895848647
1.50569179568
1.22493282049
0.302505184764
0.000359327263351
0.000718654526703
0.0
0.0
0.303085636497
6.46797098843
10.2197191549
6.29546294447
3.48400469491
4.52935356469
2.78372974101
6.50391106782
3.31131593856
2.90450344302
1.54410782747
1.50070794077
1.47013140501
1.5276846858
6.31889772673
3.26904369716
3.21338428218
6.35871950817
3.30130447236
6.59647918058
3.32225988068
3.29736494234
6.64458481781
3.44733453748
6.63622144857
3.21582751364
6.5314371785
3.13429008494
3.20021396347
3.41920123318
6.58712550746
3.28140442438
3.23443366093
3.22252832893
3.00564455139
3.21219158043
6.47238037066
3.18689184635
3.10247024796
6.69510477252
3.33337007819
3.30149964174
6.36246386882
3.05318636597
3.08606156329
3.34040340426
6.49368997525
3.30960278514
6.56828804832
3.27961175751
6.58630868748
3.22564381047
6.65802981935
3.32150811715
3.73166740608
6.30015423802
3.24753169469
6.67815395069
3.15617796917
6.54118119037
5.9719950015
3.28149116633
3.0909697117
6.5495517881
3.32075635362
5.83175496123
3.97457376725
3.3362108769
6.3494598055
3.83708778375
6.05153736545
6.47012508008
3.31169182032
6.62180782864
3.29393863549
3.33725178024
6.5842124238
3.30506329
6.68543304561
3.26486562679
6.54084867958
3.19732256528
3.20076332912
3.12375816707
3.34226835609
6.72491508777
3.50724430779
6.4584944309
3.37885900006
3.82388855106
6.20629945307
6.69887081865
3.29661317881
3.29168334491
6.70752332771
3.19281198412
3.03462358965
2.08028870611
1.52714977714
0.871236099829
0.0003758817635
6.61095544182
9.72930825419
5.90520791941
3.4984011447
5.34342047592
3.00851529017
2.41087255716
2.12438497366
2.14775640096
1.86394295625
2.85286267581
5.58552554161
3.09189111753
6.12466466675
6.1525725795
3.23939852343
6.29709886639
3.0053226959
6.2122427122
3.11723404001
6.16880160039
6.34296171104
3.05334804564
2.89289289631
3.08010307714
2.85544813143
3.08768207764
1.39350600402
2.18084204674
6.2921053215
3.18582024262
6.26650999306
3.09011745404
6.24146722901
3.16848609294
6.07992059445
5.49721074363
3.1495692897
6.205093484
3.03404922257
6.09167452593
3.09845367242
6.26187118087
6.23199859471
2.88670553946
2.81011056404
3.11125815843
3.07456378964
6.22931081235
3.02018053848
2.88493187597
2.45455243137
2.6403846121
1.28200396687
1.4461906313
1.13041031317
0.0
0.00106419809092
0.0
0.29815965359
0.778815636208
2.80721812821
6.22686861417
3.12393985234
6.29708522283
6.29316269781
2.82493429771
2.85536627004
2.52138543584
1.46082335506
3.05215423368
3.07098917554
3.41291738651
0.0957368974874
0.00212839618185
0.0
0.167556625059
0.130282404747
0.00106419809092
0.147036702896
1.94626822908
3.09457889989
6.31233190701
3.39144923656
5.9878606378
6.02148520441
3.16596203337
5.75709337486
1.47504677185
0.323700407772
0.209503766477
0.00106419809092
0.0
0.298412059547
0.0
0.00106419809092
0.143523484839
1.9868783011
6.19138170091
8.45202130771
6.59302447196
6.39115783129
6.21265522101
5.10946881398
4.32240234704
2.32329932726
1.39880698085
1.50542353953
1.46773618854
2.75162333921
6.25132818663
3.01038618012
3.20473662285
6.5776446292
3.17680614768
6.26214867536
3.20218395185
6.44160144651
3.20080834582
6.37856465437
3.31857865861
6.41645054643
3.247323684
2.94340692944
3.22652650612
6.59254939152
3.19969509763
2.80576832738
3.14528775161
6.2417840334
3.30599257244
6.48791115287
3.15512262571
3.3904505287
6.47168041977
3.16816961081
3.14304707373
3.16971539491
2.92906233658
4.47861163061
4.34528420623
2.92426898771
3.43810038733
6.51450147576
3.21785451548
6.49568970866
3.180812423
6.62303253769
3.23674428086
6.22026359873
2.4700991819
3.18789608502
6.44290614502
3.21822323462
6.51279260434
6.44382085213
3.15101707985
2.48373469949
1.57614670767
1.44101114135
1.51505278179
1.74424718364
1.484902901
6.48067858504
3.18896678869
6.440296748
3.27347438022
6.48680499544
3.20748783493
6.55081322071
3.24637352313
6.45681111121
3.21080630722
6.28163406398
3.15692367691
6.30910364022
3.31426748092
6.5279029985
3.28900312879
6.50003634011
3.29968180247
3.14445813354
2.95237673169
6.22392951792
3.2585837994
6.4452815472
3.16897086587
6.40298520692
3.2660007268
6.46275316203
3.24177871533
6.42554089148
3.19638371609
6.58359377077
3.25953396027
3.0682538135
2.7820284871
1.44101114135
