2.95475889418
1.82251009099
2.6234430655
1.8703974548
2.51800562548
1.60741984435
2.87569246803
1.29993781835
2.38288081684
2.42252390914
1.54732589762
3.02406271773
1.05813027181
2.62454851709
2.21528503254
1.79256966717
2.64475963503
1.33938778959
2.21721624315
2.20207288822
2.22359589751
2.27017802932
2.03349152057
2.04523194922
2.08483508544
1.50270827316
3.00517015048
2.13014528198
2.12467795814
2.08281730331
0.68185719197
0.0
0.318689706897
2.1276080708
2.02475445739
1.77678035559
3.048023048
1.33788943653
2.19326923157
2.19515382675
2.23245282893
2.66118824392
1.77032744841
2.20908518054
1.76236286948
2.22592000959
1.79694485811
2.60794676518
0.984338048428
0.00117204506047
0.00117204506047
0.0
0.00117204506047
0.00117204506047
2.1938552541
1.78128873347
0.629095186208
0.00175806759071
0.00234409012094
0.00117204506047
0.00117204506047
0.00117204506047
2.08929018853
1.84194872469
0.021656196231
0.00117204506047
0.0
0.00117204506047
0.0
2.25377605782
0.736343968588
0.00117204506047
0.00117204506047
0.0
0.00117204506047
0.0
1.93581887908
1.94510200871
0.587460949173
0.00234409012094
0.00117204506047
0.00117204506047
0.00117204506047
2.28917714612
1.88014673871
0.330676531379
0.0775081389706
0.00117204506047
0.0
0.414511049938
3.15548492948
0.602437820429
0.247221595596
0.00117204506047
0.00234409012094
0.0
1.9812822406
0.466607121006
2.29128149975
1.5118382378
3.01386502683
2.17305124663
1.43319585485
2.5070067815
2.19825618529
2.18715228094
2.20943270734
1.77946338831
2.1769065856
2.42537129918
1.66261492987
2.44099730489
2.16938075268
1.7691582785
0.843685479599
0.0
2.69956908005
2.17678775666
1.93972401979
2.38891061918
1.87519330333
2.45990430969
1.92957074696
2.01714767632
2.21825245539
2.17560606886
2.21503087077
1.76111091856
2.01587356601
2.0663428578
2.4713911073
2.61375477998
1.55390625387
1.94849095497
2.33597232606
1.86822860708
2.37546314405
2.17360578169
2.19637472706
2.18320451946
1.88264651856
2.09131674019
2.40430556862
1.91641374257
2.18444562173
2.20664022723
1.39994355625
2.53340000957
2.17101795142
2.55397722115
0.657936040323
0.0023237659532
0.0011618829766
0.0
0.0011618829766
0.0
0.0
0.0011618829766
0.0
0.0
0.0
0.0
0.0
2.68837275318
0.870587031472
0.0118564876476
0.0011618829766
0.0011618829766
0.0
0.0
0.0011618829766
0.0
0.0
2.15737242805
2.52518760944
0.947218495064
0.0011618829766
0.0011618829766
0.0
0.0
0.0
0.0011618829766
0.0
0.0
0.2439228074
3.02955044701
0.0011618829766
0.0011618829766
0.0011618829766
0.0
0.0011618829766
2.50154065023
0.528155032158
0.0
0.0011618829766
0.0011618829766
0.0
0.0
3.1689764042
4.05245292908
2.50200345434
2.50867216288
1.83739339381
2.05872378853
1.83285917721
2.56080933872
1.68681698626
1.70936176797
2.50167507097
1.92392241311
2.09599530159
1.96414937655
2.43666779285
2.5035948507
1.66744236714
2.4972418954
2.48722620247
2.48778192818
0.871744189351
2.84237282249
2.19250212344
2.51268854416
1.75193793554
1.62860471798
1.66990524245
2.51830895192
1.67637186891
2.49016902271
2.52949924693
1.66903376349
2.52336100384
2.48236360249
1.52806888473
1.80867247863
2.49485480087
1.78688550472
1.78627925849
2.4447384458
2.86930025923
1.21332604996
2.48814820194
2.48903231103
1.6808176746
2.502748632
2.4897395983
1.69055550468
2.51403996805
0.599059686836
0.0
0.0
0.0
0.0
0.0
0.0
0.0
0.0
0.0
0.0
0.0
0.0
0.0
0.0
0.0
0.0
0.0
0.0
0.0
0.0
0.0
0.0
0.0
0.0
0.0
0.0
0.0
0.0
0.0
0.0
0.0
0.0
0.0
0.0
0.0
0.0
0.0
0.0
0.0
0.00666870853765
0.0
0.0
0.0
0.0
0.0
0.0
0.0
0.0034859158265
0.0
0.0
0.00111145142294
3.46406129835
1.06529975633
2.99393228678
1.97465612693
1.93028026424
2.22437416845
1.79175767683
2.17652344782
2.29112067491
2.4962103784
1.88967159935
1.80951732363
2.19531957232
2.61628897796
1.95820536543
1.13952750569
2.23311778805
1.75690279201
2.51792990155
2.01995551783
2.20940503854
2.09254882159
1.76629753222
2.20710618415
2.20532556861
2.18689486894
2.22782245004
2.19888744749
2.16992586859
1.79956448004
2.1860975784
1.78531291162
2.66532234623
1.46207803813
2.5955527798
2.51592338702
1.76506837597
2.20249518719
1.80086007717
2.16104272315
2.19364526218
2.11082006315
1.97815756122
2.07384571431
2.20351173263
1.67405101663
2.6973069851
1.51689840691
0.0011693594601
2.6124952038
1.59163110695
0.360747393441
0.0769252490287
0.0011693594601
0.0011693594601
0.0011693594601
0.0
0.0011693594601
0.0023387189202
0.0
0.00934158750513
3.30461647833
0.778713671373
0.0035080783803
0.0
0.551957597431
2.93248111833
0.525899484917
0.0035080783803
0.0011693594601
0.0011693594601
0.0011693594601
2.59737325987
0.209076156196
0.0023387189202
0.0105109469652
3.09772622704
0.804924597908
0.0795164432869
0.0011693594601
0.0023387189202
0.0
2.87007984533
1.76833726719
0.0817953654165
0.0023387189202
0.0
0.0011693594601
0.0011693594601
2.17480262907
1.34101611357
0.381124810851
0.0117201709524
0.0023387189202
0.0
0.0
0.0011693594601
0.418271905973
2.85245972437
3.42998198434
1.99628680926
2.17944642799
1.57064037473
2.44344197321
2.20285236988
2.76028694029
2.07484817714
2.1009689148
1.40889514887
2.34720822824
1.8737226899
1.9947354974
2.12030790396
2.12364112811
2.42747813554
2.21399456255
2.06337056569
2.25021979102
1.26234858659
2.24662452095
2.00530118903
2.21668839464
2.20231779619
2.00417963248
3.17216024108
2.10225818075
2.07715418127
2.09538209571
2.08777228209
0.176597988798
3.32798322906
2.71954404009
0.947610468735
2.80354548135
2.38872678437
2.81424743686
2.10444888467
1.39731271905
2.07997379541
2.08588555144
2.17005470209
2.03330865734
2.08251039995
2.0969962986
2.24574404664
2.64341445838
1.41303547447
2.50339808051
2.54505290052
1.90219135904
0.0
0.0
0.388331095024
3.20603753808
0.0
3.53039798225
2.64740803826
1.53574633955
2.07583346982
2.09192308952
2.75835828229
1.30068066429
2.0847954404
2.41553932327
2.03489141472
1.79118870582
0.0
0.0
0.0
0.0
0.0
0.0
0.0
0.0
0.0
0.0
0.0
0.0
0.0
0.0
0.0
0.0
0.00184480330178
0.0
0.0
0.0
0.0
0.0
0.00184480330178
0.0
0.0
0.0
0.0
0.0
0.0
0.0
0.0
0.0
