11.9451066358
22.9696228349
9.08443978777
1.69575703015
1.65316881261
1.65511512128
1.62041386185
1.5465965453
1.67048892528
1.69345129863
1.6266325554
1.64475967411
1.63304791429
1.60930566116
1.56523228126
1.76698378952
1.60393466303
1.67443579513
1.61377471138
1.64488852381
1.64891677242
1.62501176177
1.60949554494
1.71198531113
1.62358085192
1.62340453127
1.63584191837
1.60290386541
1.60059135232
1.64597357394
1.57712714329
0.314712008199
0.0
0.0
0.0
3.80244288864
0.0104707337397
0.0
0.0
0.0
0.00120033670462
0.0
3.95478392668
0.0
0.0
0.0
0.0
0.00120033670462
0.0
4.05112959652
0.0
0.0
0.0
0.0
0.00120033670462
0.0
0.0
0.0
0.00120033670462
0.0
0.0
0.0
3.38740443294
0.0
0.0
0.0
0.0
0.00120033670462
0.0
0.0
0.0
0.00120033670462
3.52575510588
0.0
0.0
0.0
0.0
0.00120033670462
0.0
3.70325574377
0.0209414674794
0.0
0.0
0.0
0.00120033670462
0.0
0.0
0.0071748939745
4.57578524145
0.0
0.0
0.0
0.00120033670462
0.0
0.012939222782
3.30481855504
0.0
0.0
0.0
32.2181909071
22.7233836
34.5111044298
52.4920144461
68.8906075107
54.3539290229
64.2788586581
59.286107056
42.9991922075
38.3671145145
44.9252375381
46.083814809
48.291290693
45.2891208827
43.921510101
47.9585381492
47.2989520432
52.5093801732
10.8441540094
3.41283991582
3.30989165438
3.28578828592
3.09388142476
3.41148514278
3.2970249329
3.26525659184
3.25259996885
3.31298517357
2.06571735957
0.0
0.0
0.0
8.76572206867
0.0
0.0
0.0
0.0
0.00267332220053
0.0
0.0180684703743
7.08746979834
0.00263709832247
0.00544807125961
7.37202285002
0.0
0.0
0.0
0.0
0.00267332220053
1.09392489341
0.148039744839
0.0
0.728310047417
0.0
0.0
0.00607836673779
0.0078388472113
0.00475257280094
0.00808516958209
0.224131623083
0.0
0.0
0.0
0.0
0.00512930113272
0.0
0.0
0.00133303871246
0.00999779034344
0.0
0.0
0.0
0.00891107400176
0.0
0.0
0.0102586022654
0.0
0.0
0.0
0.0
0.0
0.0
0.268701482643
0.0
0.0
0.0
0.0
0.0
0.0
0.0
0.0
0.0
0.0
0.0
0.0
0.0
0.0
0.0
0.0
0.0194594672916
9.67694819914
20.2591119054
14.0653940378
1.56762651929
1.1855497565
2.13295234125
1.62432790403
1.62527699464
1.63643558853
1.55623743196
1.72036909456
1.67532118667
1.59096058986
1.62190094375
1.61252528437
1.67795830272
1.61780629569
1.63514075776
1.64939745457
1.64492317027
1.65791893241
1.59982780785
1.63152065501
1.61870793177
1.65301077811
1.62347372248
1.63602883541
1.64253010609
0.79853094332
0.0
3.96389049189
0.84037906001
0.0
0.0
0.0
0.00119992170002
0.0
4.06126040928
0.274138043534
0.0
0.0
0.0
0.00119992170002
1.95503852715
1.23520075385
0.0
0.0
0.0
0.00119992170002
0.0
2.84718370072
0.0511424254519
0.0
0.0
0.0
0.00119992170002
0.0
0.0
0.0
0.00119992170002
0.00776898456626
5.02049950978
0.0
0.0
0.0
0.0
0.00119992170002
0.0
0.0
0.0
0.00119992170002
0.0
0.0
0.0
3.27173904754
0.00059657124069
0.0
0.0
0.0
0.00119992170002
0.0
5.39917310481
0.0
0.0
0.0
0.0
0.00119992170002
0.0
0.0
1.53183224485
0.250939557334
0.0
0.0
0.0
0.00896890626629
6.22119404073
0.0
0.0
0.0
0.00180327215936
9.01728364121
20.3571269513
14.6676635122
1.67579096387
1.64348097766
1.59498890403
1.64476118467
1.63065181333
1.59688550699
1.67874424563
1.633185133
1.62412885385
1.59562562074
1.68330963991
1.61859483735
1.58631871905
1.70325783894
1.55041196079
1.68289645141
1.67347439882
1.65346523755
1.64688808942
1.51867772906
1.67686118983
1.68841692075
1.63110564333
1.46281599818
0.162565968339
0.0
0.0
3.79172251344
1.60448546601
0.0
0.0
0.0
0.0011989240165
0.0
0.0
0.0
0.0011989240165
0.0
0.0
0.0
1.7259425651
2.3262919126
0.0
0.00507341292857
5.04086586699
0.011054485847
0.0
0.0
0.0
0.00359677204949
0.0
0.0
0.0
0.00239784803299
0.0011989240165
0.0
0.0
2.26062203497
1.08823013922
0.0
0.0
0.0
1.62918194603
1.54516920831
0.0
0.255838192673
4.62859857128
0.0
0.0
0.0
0.0011989240165
0.0
3.73027257741
0.278929333759
0.0
0.0
0.0
0.00239784803299
0.0
0.00507341292857
2.821826852
0.0
0.0
0.0
3.74289853428
0.493875411813
0.0
0.0
0.0
0.0011989240165
0.0
2.87068469907
0.0412375673019
0.0
0.0
0.0
11.9801711594
15.4201637436
11.9673329291
6.6757300808
1.63072058565
1.64387858109
1.61763062534
1.63738122553
1.14016003565
0.131743238796
3.48991676751
1.66445240645
1.64325946135
1.61090875383
1.65291364725
1.60187368767
1.61871918752
1.56023618398
1.69463959662
1.64889277067
1.62137936137
1.62325032763
1.63414275302
1.64551142438
1.3089484064
1.9143386602
1.59183170148
1.20743317887
0.167856289381
0.0
0.0
0.00120422192041
0.0
0.00120422192041
0.0
2.82072316248
0.972038409236
0.0
0.0
0.0
3.64276450573
0.0
0.0
0.0
0.0
0.00120422192041
0.0
2.81477008801
0.0
0.0
0.0
0.0
0.00120422192041
0.0
5.95655786431
0.0
0.0
0.0
0.00120422192041
0.00120422192041
0.0
0.0
0.0
0.00240844384082
3.24033667187
0.445439647306
0.0
0.0
0.0
4.23633705627
0.00206826815709
0.0
0.0
0.0
0.00361266576123
0.0
1.80482930409
1.95337722167
0.0
0.0
0.0
0.00120422192041
0.227754423772
2.69424584327
0.0
0.0
0.0
2.05533467759
1.61674616856
0.0
0.0
3.5336429499
0.0
0.0
0.0
0.0
0.00120422192041
0.0
4.42522980994
1.52088466088
