20.7714428287
15.8466946716
7.94765686664
10.748825277
0.379779733526
11.1008187633
1.13869332836
11.0533608974
0.0
8.84667663531
3.34926656572
11.084994894
0.0
0.0
11.0931163936
1.13832916637
11.092958361
0.0
10.2738893274
2.09692034042
0.0
8.57651653287
2.48993358338
9.54208175265
2.67757320386
10.1534959981
0.932598252881
0.0
8.72391968854
2.38652531914
12.2774399068
0.0
8.23880781608
2.88913070925
10.3323613758
2.10989275258
0.0
11.1174740213
0.0
0.0
11.0950540102
0.0
0.0
0.00392333015837
12.1882408313
0.0
0.0
0.0
0.0
0.0
11.0868500589
0.0
1.13694809919
0.0
9.90199060909
1.19247249675
0.0
0.0
10.321800678
0.7574432049
0.00392333015837
1.13520287001
0.0
11.0790789794
0.0
0.0
0.0
11.136396703
0.000398516898748
1.13562887083
0.0
0.0
2.17729020533
8.88716045544
0.0
0.0
8.41523399555
3.81450756109
0.0
0.0
0.0
0.00394394310141
10.9616539138
0.194634279152
0.0
0.0
11.8884805427
0.325918113366
0.0
0.0
10.3595773316
0.824345947023
0.0
0.0
0.00393020113938
11.7075950965
0.516951998468
0.0
0.0
11.946666938
1.89313034068
5.65297891034
34.0730827812
0.0
7.28358927911
4.80537604863
0.00386717279139
10.4658857691
0.446970545034
10.9235080006
1.11943797089
10.1607590514
0.788991448121
4.55998018922
7.45016944323
0.0718208617011
9.41194549322
1.54699802231
10.9468942193
0.00424710555686
12.0466028244
0.0
8.2760143696
3.79259063262
4.34771989457
6.60569424232
0.0
9.54313763404
2.55385377338
9.8098504354
1.19501066865
10.934370007
0.0577022887557
5.26755747331
7.35472490493
0.0
10.0644393108
1.14662351716
0.0
9.21385804762
1.75568287826
0.0
0.00390109535973
10.4086991034
1.62917883639
0.0
0.0
0.0
8.30369518537
2.64869448996
1.1226199078
0.0
0.0
10.0291123482
0.928494618185
0.0
0.0
8.97718028827
1.96974106904
1.12030638864
0.0
0.0
10.2640736255
0.679218016955
0.0
0.0
9.36128552965
1.7841439131
1.12170399845
0.0
8.26885670768
2.66143580663
0.0
0.0
0.0
9.89362561018
2.18154001676
0.0
0.0
10.984242967
0.0
0.0
0.0
0.0
9.99690626177
2.0633809267
0.0
0.0
4.88094874639
6.07145449796
0.0
0.0
1.12200251705
0.00387395730506
9.90247940052
1.04810559417
0.0
0.0
10.9397908334
19.3215002041
25.7565522995
0.000411792896573
9.50626031701
1.99312731855
11.4712153215
1.17582491702
11.0320452972
0.389193986404
0.0
12.6013667264
0.0
11.3923427821
0.0667246489998
0.0
11.4713218197
1.17656330428
9.00589644829
2.45867338788
9.2463480005
3.38360283285
0.0
10.2896963027
1.14502564831
12.7767976002
0.0
11.4370223114
0.0189708727524
0.0
11.4814604448
1.17534922523
0.358366318181
11.154085092
0.0
11.3311773372
1.37787323169
11.45565239
0.0
11.4884467243
0.0
0.0
10.2616020874
1.20345764036
0.0
0.00406822982304
1.16898063508
0.0
9.93118798701
1.49209606134
0.0
0.0
11.4541543158
0.0
0.0
1.17443334102
3.50514563624
7.95732973606
0.0
0.0
0.0
0.0
11.4507392747
0.0
1.17649230551
0.0
10.5312341362
0.916019098671
0.0
0.0
0.0
4.58483111166
8.09719732335
0.0
0.0
0.0
11.3040061059
0.159441949626
0.0
0.0
0.0
12.6356094357
0.0
0.0
0.0
11.4995083335
0.000411792896573
0.0
0.0
0.00408952945562
11.3679689025
1.26570226664
0.0
0.0
0.0
11.4570581657
0.0
0.0
0.0
0.0
23.9041132524
23.058965306
1.5044395774
10.9655700025
0.000724414459854
10.9379745507
1.12156283957
7.7783562562
3.13749995769
0.0
10.9029589284
1.11319483702
10.9223894845
0.000392673258613
10.9282186513
1.12192843191
10.9302429497
0.000392673258613
0.0
10.9223894845
1.12045929231
10.903094333
0.0
9.0562978359
2.98419490134
7.37156030073
3.55279932027
0.0
10.9507161209
1.12110246402
9.44986476468
1.52677456154
10.3532163664
0.621222635582
9.85895582764
2.18679060698
0.0
10.9538304261
0.0
0.0
10.9307371763
0.0
0.0
1.11874642447
0.0
10.8915984848
0.0
0.0
0.0
9.04776734786
2.14963559245
0.00386580052875
1.11602479258
0.0
10.9320709114
0.000338511429838
0.0
0.0
10.9188148038
0.000338511429838
1.12203675557
0.0
0.0
10.9169665314
0.0
0.0
0.0
10.9710809685
1.11858393899
0.0
0.0
10.3726604629
0.537617082641
0.0
0.0
0.0
10.2147584213
2.06021441314
0.0
0.0
10.9620156325
0.0
0.0
0.0
0.0
9.2484436937
2.78596260803
0.0
0.0
10.5306166663
0.394020534103
0.0
0.0
0.0
1.48098750554
10.5674128587
0.0
0.0
0.00387257075735
10.9210218983
17.2448166053
22.0140669292
1.61624495736
11.0535865551
0.000395818991293
11.0276058155
0.00388994525926
12.1056256627
0.000395818991293
10.9860311725
1.12682159909
8.91980826665
2.09044975786
0.0
10.643047192
1.50248794416
11.0205766161
0.0
8.42402450666
3.71761385981
0.0
10.9916135851
0.0
9.70494253374
2.43161843049
9.010382571
2.00119939979
0.0
10.9360214902
0.0984633863168
9.34381912437
2.85287220421
8.24823992773
2.80402268111
10.2209540091
1.9207798999
8.24825357666
2.7939156479
0.0
0.0
11.0202353929
0.0
0.0
0.00390359418999
1.12420100439
10.9816703391
0.0
0.0
0.0
9.00123778741
2.0100439069
1.12925793323
0.0
8.81207043189
2.20566038219
0.0
0.0
0.0
11.0056515104
0.000341223268356
1.13041809234
0.0
11.0043685109
0.000395818991293
0.0
0.0
0.0
0.0
10.9250955212
1.30068850325
0.0
0.0
10.9915248671
0.000395818991293
0.0
0.0
0.0
12.1503122619
0.0
0.0
0.0
11.0507953488
0.000395818991293
0.0
0.0
0.00389676972462
12.1278119996
0.000341223268356
0.0
0.0
11.0133358584
0.0
0.0
0.0
12.1477872098
0.000341223268356
0.0
0.0
0.0
11.0127762522
