4.29972810351
2.82695580717
1.32184271919
1.15425300162
6.73712958929
12.3285656771
13.0765865684
11.6113589861
13.0550289821
16.4794555452
15.6366271599
19.8990023108
17.3958956315
23.8744136025
17.7462439127
0.0
0.00424445314611
0.0
0.0
0.0
0.0
0.0
0.0
0.0
0.0
0.0
0.0
0.0
0.0
0.0
0.0
0.0
0.0
0.0
0.0
0.0
0.0
0.0
0.0
0.0
0.0
0.0
5.77235921222
13.3389926042
13.8520772782
18.7285921497
17.3976340042
19.2933250239
11.7206911576
0.0
0.00742999906243
0.0
0.0
0.0
0.0
0.0
0.0
0.0
0.0
0.0
0.0
0.0
0.0
0.0
0.0
0.0
0.0
0.0
0.0
0.0
0.0
0.0
0.0
0.0
0.0
0.0
0.0
0.0
0.0
0.0
0.0
0.0
0.0
0.0
0.0
0.0
2.85038412963
7.96412069336
0.00318554591631
0.0
0.0
0.0
0.0
0.0
0.0
0.0
0.0
0.47390510647
0.0
4.71519886851
2.11196781303
5.51660498871
8.27582063729
3.44802230019
9.19569650324
18.5808828073
16.2867304273
15.9091308557
15.2794114618
18.6742305131
14.759737451
13.9249977686
11.8020995681
21.2934520663
7.8578088418
0.00330246002376
0.0
4.86660395883
19.8237886975
18.7970394579
20.8569506141
17.5775803473
10.9445241643
0.0
0.0037556042266
0.0
0.0
0.0
0.0
0.0
0.0
0.0
0.0
0.0
2.03695871582
9.00006865821
17.901283222
12.6194549911
0.0
0.00247856147313
0.0
0.0
0.0
9.10472437161
9.32433453027
3.619612905
5.44244038751
9.14951012365
12.9203496076
14.1913229751
8.91230286511
1.60189222034
0.00338484987882
0.0
0.0
0.0
0.0
0.0
0.0
0.0
3.99874355471
16.9745621322
11.0600004119
9.24024195154
0.00247856147313
0.0
0.0
0.0
0.017514710022
9.91646355279
13.2400634402
0.00330246002376
0.0
0.0
0.0
0.0
0.0
0.0
5.74789390933
17.1134645621
2.47814952386
0.0037556042266
0.0
0.0
0.0
0.0
0.0
1.77363387322
0.0369930449231
7.40855755961
20.8454915585
20.1753805381
5.97867475918
0.0037556042266
0.0
0.0
4.26031074707
16.3173863192
8.35683328544
17.004100825
16.0457471039
18.2156756722
17.6611435124
20.199509223
18.7715885441
19.4402791535
17.0966966647
20.0756857889
23.5763931284
19.8361689646
16.0498304864
14.3233675421
18.4032468766
21.1672708812
12.6952509564
0.0026512609555
0.0
0.0
0.0
0.0
0.0
0.0
0.0
0.0
0.0
0.0
2.22613383176
2.34820199891
5.4416213085
8.3320025007
18.2021843526
4.00881672791
0.00353256653628
0.0
0.0
0.0
0.0
0.0
0.0
0.0
2.24033754004
20.9616035355
20.6783078566
12.8646525774
17.4916023512
9.63502749031
0.0
0.0026512609555
0.0
0.0
0.0
0.0
0.0
0.0
8.87339586319
16.4241062781
14.8699532633
0.0
0.00353256653628
0.0
0.0
0.0
0.0
4.57476913925
7.82848324555
8.5371116862
4.18711219112
3.00569268324
1.9870943814
2.89310589529
2.22779362394
2.75900056275
2.50462639529
2.93037777715
1.77063838655
3.46326654077
2.45965043381
6.48704067684
7.39330923819
3.69062134798
1.35002795391
9.597946558
12.2394911195
4.06930366761
0.00216654288607
0.000484718069427
0.0
0.0
0.0
0.0
0.00111632040232
2.56208751915
3.43609295203
9.97629104382
16.5317504106
13.8562755843
13.8998120799
0.00313597902493
3.72611487826
3.57436066659
2.01138051553
3.02071547923
1.42414521405
7.36517695292
6.06682836183
5.23012151646
10.7363653949
2.50506486334
2.78023491023
1.7868932383
1.87536050991
2.15475295388
3.5028179949
2.30135346033
3.09979964621
3.47481572965
2.30545681802
1.02186911094
4.24828465118
4.44572197826
3.47183274266
5.01889662742
11.8252746878
19.6016416932
23.9523702405
15.9134443609
15.7456968574
14.1253327195
6.49482397488
4.95288578608
4.42293643909
4.84255728114
10.7114301444
46.0600151075
39.8924864264
23.3329312836
8.20327025705
34.9176763862
39.9626006255
1.02212119435
0.695337069653
0.990204633958
1.4070035423
0.821665868694
0.763070480945
1.36987725814
1.12076983472
5.59930466993
8.25312675331
19.0352242798
21.5437622923
7.1901470399
6.79838141445
18.9145183413
30.9935639955
14.2937174338
7.61261782492
6.08210041497
5.15005702512
27.0952481402
26.2078935368
2.0830422266
0.46779678226
2.34269513925
1.1373443188
1.84006883278
0.314992223052
1.40694052145
1.20666725603
1.07610905758
0.616224893412
1.3657178819
0.782831019213
1.34514507488
0.573209660747
0.692214036319
1.79885319555
1.58764931347
0.840614138203
1.2847991079
0.561004622404
3.69359611862
20.2950671303
15.4834110736
20.5445736858
2.90399385897
0.848995911522
0.75772071084
1.2487721875
1.01642831072
3.92891598007
21.6657636596
12.926655107
17.3085789761
8.67617873064
0.924333838959
1.25683185424
2.5618816626
5.55407374192
6.6329810395
9.86449513544
10.9519274302
6.98605165726
8.13469634026
11.055335438
10.5633717714
7.34712787755
6.95810822626
5.54374817671
3.51425175577
12.4959630053
20.6531941471
13.7981338151
8.12709932816
14.915393212
17.7682478482
15.4542339752
20.0378430926
18.0949539946
14.6679536111
13.8227461952
14.2382549726
18.5206983088
19.7282769689
0.000914134545716
0.39401969025
14.40410114
15.2032209392
18.875818804
7.78118943101
0.00378811815535
0.0
0.0
0.0
6.4615046343
16.3930224526
16.1044952739
17.1245239965
16.2684439197
0.00333105088249
0.0
0.0
0.0
10.8160330196
17.3910842449
9.02733487363
0.00378811815535
0.0
0.0
0.0
0.0
0.842229553381
15.2123415089
17.1985965957
15.0789817441
2.19886754658
0.00333105088249
0.0
0.0
0.0
6.47019583774
15.3841918782
17.2767758752
13.1767439324
0.00204295220444
0.000457067272858
0.0
0.0
0.0
8.79585800097
15.3812140157
1.14426099234
0.00378811815535
0.0
0.0
0.0
0.0
0.711542939652
13.1922703691
14.3811092711
0.0
0.00362883713602
0.0
0.0
0.0
0.0242522665083
12.997455832
15.587967704
9.81620528553
0.00333105088249
0.0
0.0
0.0
0.0
7.2342253359
14.2207271352
12.0517559434
