0.151654539021
1.97627801794
13.4457794256
24.7143054936
18.2999553867
19.6248788517
15.5545436364
17.873052013
19.6236481393
25.0945033306
13.558512684
14.0220912881
14.3274618095
13.0492438811
14.725781887
13.7918557605
10.944725628
8.31450856114
8.9569404489
9.69506022799
10.3693675677
11.3769826008
11.8160700275
7.65872344353
12.1962986324
12.8468532222
14.5969262957
14.3005092073
12.7666415396
14.7375967263
14.36638309
12.5898804671
13.8524991154
16.261710998
18.0862421734
18.445056382
14.0374444256
17.3402766026
18.5089303571
13.881667
19.5690045075
19.6514622402
18.2178053321
19.2853252927
16.4303493685
14.089565097
21.1397627802
18.6404935157
11.7435195299
12.6537544421
13.549897697
12.3021399012
12.5184683784
13.4831930834
13.7229666323
13.1244711783
13.0318908358
15.6335246066
15.0719812932
11.3339076658
17.2147131671
8.78377921019
7.78828669446
9.54774395028
10.9514945464
10.7784563789
11.4395950956
11.3232927711
11.8766826146
13.321354399
11.7815485439
13.6975216528
12.1987292894
13.1893604911
15.0592434195
13.5097149362
15.4856237404
15.8281310093
15.6052182207
17.7939479716
13.8910204144
16.0406750458
16.8632216975
18.1970678276
17.8809285725
18.8615910035
15.2249896159
19.3425841884
19.5974031968
17.0333676907
15.6785994493
22.7796255557
22.455302063
18.212944018
5.50799193883
0.0
0.0
0.0
0.0
0.00907650416135
0.22107788342
4.86908903654
7.35980105251
6.78320501388
8.2569738379
5.95624160062
0.0391363870433
0.0390610281465
0.246976224268
3.34613597257
5.29898642284
5.782991497
6.10572853213
6.3720971125
6.10030269157
6.81395144375
7.44832263656
8.18498097188
7.91243296198
7.66003089715
9.57992438991
11.1550760497
3.96963036461
1.50243032442
6.86489405795
7.72991371406
8.11183260277
8.26430877052
8.93490247303
10.5173890654
9.80961830719
10.7693389769
11.8323013351
11.2571119959
9.56126050315
13.3885630314
13.9882942514
13.4131300318
12.9330185006
16.3361257991
10.8383928459
16.7651439983
15.8302917645
14.2066592145
18.8112134038
15.7252414625
10.0881196699
10.3796330022
11.1671837124
10.1044223113
9.7807307301
12.0056267976
12.0780466974
12.7837325262
11.1535939914
10.2097740489
13.5799495095
10.4496665369
15.1058666901
16.6581343649
16.8677074568
12.5322096485
15.1371908715
16.187568294
17.6018538289
18.5688843115
16.4743591354
20.2819427524
18.6046044286
11.3793190068
12.565643879
11.6739471734
9.48522337633
8.00442105528
13.2904457479
13.7405141989
14.5920948517
15.8789987315
14.0024868436
16.1667441189
14.8146296738
13.2072746455
15.1177985154
17.6277270501
17.1934839674
16.346449968
15.4648011153
15.1949157864
18.0640299426
20.0021100491
12.7606224645
11.4531958452
11.891533428
10.2147477361
10.0028385184
9.97307175423
0.0
0.0
0.0
0.153145280623
1.78641530831
5.42399633371
7.17635864394
7.2243932562
8.40176945095
7.82740474054
8.70899211981
7.2781137249
8.41171193214
10.7020867559
10.3127143362
3.42254379935
10.9044783887
12.5563594984
12.307113923
12.2722530983
7.29557520749
9.27089765847
13.9282354815
12.8404037579
15.3994119954
9.43892559063
6.75184576726
10.1295241202
16.1064466893
16.4884243886
10.4844706988
13.6165697663
16.0091967951
14.1639344262
10.5754133315
15.4980289808
17.5736462108
18.3481654957
16.7224766099
11.3004998427
11.1209759167
10.4206523977
11.761458127
8.83815116455
11.8268299408
12.6339729922
13.7118622345
12.6676531472
10.1403365685
15.3248744568
13.8169418326
13.7447967034
13.7964354651
10.9694773595
13.0199898245
16.8681650297
17.6130432925
16.7343454468
18.3766569184
16.3902423868
20.884243886
12.5518232413
17.5099521906
18.1600972499
18.3719963803
21.8615897872
15.260496891
20.4358379842
19.5008097685
18.4453221791
23.0374746098
22.1404453144
16.3311467642
20.6714126479
19.2024110517
23.1931987215
22.8347722745
24.1718495734
19.5341170805
18.5490657563
27.3112812208
25.3931591069
21.8525172731
26.7417013294
23.8728605217
20.0984771692
23.3889723902
27.4159879758
18.8575312353
20.019465514
27.5493104346
24.6363187963
26.2978938252
21.4226913831
15.4549966794
0.0768056672143
0.0
0.0
0.0
0.0
0.0
0.0
0.22729864903
3.25530785215
5.95344690837
7.55358325085
7.83607438531
5.81401050099
8.28736800016
6.8382309563
7.7450919984
10.3099038392
10.8754105023
8.40483229219
5.76867662579
11.3428554573
12.4318123718
12.3383653323
13.3288672431
12.5370320601
10.466907451
15.1065896681
14.2304843436
16.8619991216
5.90509776674
17.1865466678
17.5092588344
15.1764914098
17.5290284943
19.0161054557
14.4840813598
10.4672220875
9.89322023899
11.7924185714
11.7745891699
11.3632806099
11.086846228
7.58724935598
8.15716093001
6.89216489574
8.81506584424
8.01153667154
6.82881808111
9.3736505044
9.23101529264
8.46408883237
11.6384040064
12.4872670543
11.8900607642
12.7531086741
10.6729419168
10.6524905445
11.8956717817
5.11019487798
5.85753521635
8.82623543987
9.52866141836
7.76239700571
10.7382289898
10.6418453431
11.3012710003
11.4693393289
10.9399372038
9.45393525043
9.68228268778
12.919446502
14.0423054989
14.1728009859
14.0088491515
11.8331639977
11.0738150331
15.8188480371
16.1733647096
16.5630944499
14.0269931894
15.5524558034
15.7497328867
16.7202291602
20.2550915396
19.8123455495
19.1006902338
18.9504513067
12.333724444
16.9248477618
22.2691846326
19.3319218391
21.8058299521
17.6107291045
21.6110961804
19.4463708647
22.5623209686
18.0909692771
22.5549532306
20.0837195278
21.7615448652
23.9888304044
6.23800939977
0.0
0.0
0.0
0.0
0.0129263160655
0.159759501825
0.788846978174
5.39182646533
6.08265909303
6.81595164107
6.56112729468
7.60816948315
3.60624096005
5.17048387293
7.90305525057
7.97760320232
9.42247215593
9.48476831388
9.14593166708
10.5877538783
11.4435643645
11.3797124232
11.581640136
6.59272914379
12.3002823909
9.37294638625
12.4249395311
11.3680440481
12.8459733977
14.8600969934
11.639301356
13.6868094692
14.8643429854
10.229956122
16.2469157811
10.1068871773
10.8426106369
10.9693421548
16.3278165148
17.292142889
18.4213822973
19.113478999
16.6636064192
15.1359244149
20.4223141467
19.8486190397
18.9689207969
16.9499353783
14.8746824622
10.2891731255
12.0650998092
11.5747039352
11.7132334769
9.03355873285
12.446331552
14.0650268818
14.0245441028
12.4674642757
15.2214276743
13.1230973053
15.3888040321
15.2309892594
15.6633349674
11.8306951191
18.0467626336
16.6013750856
17.5624602445
17.4645107183
19.2392705645
18.8827368822
16.5344439898
16.0098532945
17.4601026655
18.0419008107
19.8703351822
22.7342730157
22.330612063
15.3554519267
21.9515195222
20.9527390295
21.7343580976
23.3401209784
23.2446023637
18.1477589022
19.699263839
19.9791751917
22.2438447296
27.0803213665
16.1343483739
18.5853877912
21.84549937
23.8597202021
27.0774366849
24.2709980107
13.9440971392
28.295226095
26.0193419523
26.9006283906
23.149083749
27.9549309013
0.316990855721
0.0
0.0
0.0
0.00956158511634
