6.3774361515
4.61968466397
7.71394784214
9.72122639349
11.6048340439
12.6319207741
16.3244571202
18.2150413215
20.6534069219
23.227469151
23.8635229207
24.5067907696
28.8192493082
27.7958680224
28.1322354993
28.5447071019
0.520899961486
0.00244993663079
0.0
0.0
0.0
0.0
0.0
0.0
0.0
0.0
3.37396993229
8.44660783878
10.7944275818
4.5468041391
0.00244993663079
0.0
0.0
0.0
0.0
3.62186144285
8.32821007019
10.6089246237
6.32972007268
0.00244993663079
0.0
0.0
0.0
0.0
3.99271126886
7.90283049119
11.0304630278
1.65184093057
0.00244993663079
0.0
0.0
0.0
0.0
5.00611635842
8.5987482249
11.2915204028
1.0065710558
0.00244993663079
0.0
0.0
0.0
0.0
4.74818078632
8.75101076852
12.2917392684
13.2791315959
14.9804666756
0.00179164340867
0.00371223085054
0.0
0.0
0.0
0.0
0.0
0.0
0.0
0.0
0.0
0.0
1.83891157663
8.34606542552
10.4518707913
12.3656649186
14.8825574352
3.84300724632
0.00244993663079
0.0
0.0
0.0
0.0
0.0
0.0
0.0
0.0
0.0
4.82015870296
9.64931634213
11.7815823808
12.4683450882
8.62693197516
11.127041564
11.6660404849
15.0372308041
16.4356545727
19.323861389
20.5128420452
23.4596507434
24.3049608881
25.7473881333
28.4190172277
29.8674101351
25.9553532665
28.7029505003
17.0541016027
0.0024252297796
0.0
0.0
0.0
0.0
0.0
0.0
0.0
0.0
0.0
0.0
2.65735987538
10.5118124982
11.9664397912
14.8084866247
7.7627775935
0.00367479415358
0.0
0.0
0.0
0.0
0.0
0.0
0.0
0.0
0.0
0.0
5.47362940507
10.7968139468
12.7662080172
15.3250471316
7.14187846139
0.0024252297796
0.0
0.0
0.0
0.0
0.0
0.0
0.0
0.0
0.0
0.642061109408
11.9186876215
13.3781989646
15.2469627944
8.89233004287
0.0
0.0024252297796
0.0
0.0
0.0
0.0
0.0
0.0
0.0
0.0
0.0
2.00418033028
12.6180204314
15.0392596667
15.8512480948
13.9989234264
0.0024252297796
0.0
0.0
0.0
0.0
0.0
0.0
0.0
0.0
0.0
0.0
1.91288151392
10.2628737461
13.0234436079
3.44162947225
0.0024252297796
0.0
0.0
0.0
0.0
3.26518560818
8.02836340874
8.63000152216
11.3051854208
13.2980535217
14.5950261417
17.0378024857
21.6435589716
21.6254299235
23.214054459
25.1527680149
27.3936414929
28.840784201
29.5185711574
27.5751714136
29.8335445538
2.82414994433
0.00246965522313
0.0
0.0
0.0
0.0
0.0
0.0
2.92278564795
8.53541577945
11.0455842941
8.33923895625
0.00246965522313
0.0
0.0
0.0
0.0
2.53437250405
8.71886806329
11.3429485699
2.52827703922
0.00246965522313
0.0
0.0
0.0
0.0
2.15901227473
8.43452249627
11.0312520844
6.07706897761
0.0
0.00246965522313
0.0
0.0
0.0
3.02825566062
8.64037270586
11.6962187253
4.51634949384
0.00201813930976
0.00172396985105
0.0
0.0
0.0
2.39150876437
8.33245253524
11.210230256
2.99158025439
0.00374210916081
0.0
0.0
0.0
0.0
2.31016064731
8.98498880617
11.6644963118
5.42848005035
0.0
0.00374210916081
0.0
0.0
0.0
0.0187310692547
8.25390244862
11.1782136731
11.6198920124
0.0
0.00246965522313
0.0
0.0
0.0
0.0
5.2817100139
11.0664155965
11.1208164229
0.00329059324744
0.0
0.0
0.0
0.0
0.0
6.79549236613
12.199399005
10.930714541
5.43237682729
11.1348647743
12.9951031703
13.9669064377
17.4103969543
19.8198090425
22.6479731181
22.3220632342
24.3811036344
27.6368267719
27.7542544323
31.5722621841
29.4812454345
29.5655348441
8.93503493439
0.0592088414503
0.00549324945643
0.0
0.0
0.0
0.0
0.0
0.0
0.0
0.0
0.0
0.20425400263
10.7021355953
15.1710693445
1.4015692543
0.00330694992308
0.0
0.0
0.0
0.0
0.204714638066
12.4299516161
15.768100996
0.83732522065
0.00479885872414
0.0
0.0
0.0
0.0
0.00209004735264
9.94738787051
14.0823471782
0.817511021734
0.00248193123125
0.0
0.0
0.0
0.0
0.00390508847466
10.6124904392
14.2780553622
1.3183867447
0.00376071020359
0.0
0.0
0.0
0.0
0.0
9.40007047035
15.2551043735
16.1347049269
13.909890771
0.0
0.00248193123125
0.0
0.0
0.0
0.0
0.0
0.0
0.0
0.0
0.0
0.0
0.0
1.44303331872
14.2910631569
15.2466273064
17.5165562345
3.84398896537
0.00330694992308
0.0
0.0
0.0
0.0
0.0
0.0
0.0
0.0
0.0
0.0
5.34715927158
15.3765677504
16.1507377902
11.1407227336
11.752028079
13.902249324
15.0683879162
18.4482942285
20.2491327743
22.5094985114
25.0834243807
23.9410627953
26.0346617137
29.4320559395
29.0461951326
30.0638537598
22.9490999973
0.0
0.00246510611565
6.53729753353
16.6667668187
4.19478435443
0.0
0.00246510611565
0.0
0.0
0.0
0.0
5.25336647456
16.745172216
7.84637813772
0.0
0.00328453197127
0.0
0.0
0.0
0.0
6.61022643468
16.6583130753
8.48157657535
0.0
0.00328453197127
0.0
0.0
0.0
0.0
8.00810548742
17.4214648603
1.4004192729
0.00246510611565
0.0
0.0
0.0
0.0
0.0
8.12212859523
14.979357297
0.00328453197127
0.00373521619185
0.0
0.0
0.0
0.0
0.0
10.6378684002
14.8504138101
0.00447952801071
0.000450684220589
0.0
0.0
0.0
0.0
0.0
9.88812105651
16.2499931715
0.00447952801071
0.000450684220589
0.0
0.0
0.0
0.0
0.0
11.0000409713
15.3307953894
0.00373521619185
0.0
0.0
0.0
0.0
0.0
0.0
11.9218404305
13.5068285488
0.00447952801071
0.00127011007621
0.0
0.0
0.0
0.0
0.0
11.9951585589
13.579060938
