4.10824239137
7.54902919414
3.55140632531
4.2390951699
6.17560710997
4.48910164827
3.80849582534
3.88890366918
4.63960722054
6.4432278539
6.40129636572
3.84916964528
4.4220167954
5.35063203011
6.27740913433
4.82831273786
6.65564940079
6.97418497743
7.87634771763
6.10618658752
7.00916473899
9.16737871189
3.64897926748
6.63429668186
6.45270873751
5.26538700075
7.16077595366
5.05562590589
5.43414949322
5.75936038587
5.40002660452
3.94464877714
5.00260344235
6.38645311644
6.70561061693
5.44230360595
3.57219240251
4.95101140366
5.44340924835
4.53235990733
5.63223915045
5.97233475397
5.40849858944
4.24848622007
5.06898344819
4.60247145629
4.51677034943
3.27553472495
4.83863667381
6.05629447403
7.32750682821
4.87527489898
4.02726099553
4.81366988627
7.1711413512
4.98977799046
5.92218005041
6.22189206512
3.99248854192
4.41563171052
5.41785508829
6.50843311468
4.80396096391
5.74598902304
6.55305960622
5.11367904238
4.44613362034
4.88554355281
4.40061570461
4.71599329013
5.76114323425
5.7126055327
5.26205625301
5.23107062464
4.79435569553
4.57044928816
4.65026284921
4.90422890944
5.27512356418
4.19956154368
5.1761892998
7.81902015897
8.81935012413
5.20933093086
6.84926120629
8.0564292242
10.0405598006
3.60659170181
4.70009968057
5.41265856899
7.76369657717
7.36096633146
3.62864926777
2.44543222844
3.87365962453
5.180418382
6.60770598204
5.25207783032
3.8913291722
0.00295068316608
0.194621822518
2.35387204262
4.60865010643
5.34884602097
5.7291297516
2.78657795906
6.64188202779
7.03010040899
7.54482743249
6.10749668461
7.29000479199
8.05977733944
8.02826162059
8.79783357293
6.76805634493
6.53371669286
10.1507806493
12.0952158069
7.05145264284
10.4502914201
10.4160119466
10.7463252092
9.45226393857
9.89778565299
13.3951166238
9.05265621343
10.3486119934
14.9426855226
7.21915014543
10.1484626615
8.92246999432
7.69777005115
9.00333210747
10.1746737544
8.70582728762
6.89267047797
11.7535800653
12.4736273166
12.1328385321
11.1782287453
12.4888948324
12.3083592435
11.1501231431
14.279584991
15.2118841452
13.822763086
14.3624976319
15.6944713762
12.6559459731
15.3922414273
17.4962611302
16.9972919662
16.5610644913
17.564864654
14.9107909019
17.8621465904
17.0806057972
15.2766540738
12.5947198912
11.963357962
8.83822005282
10.9053748342
8.88919349626
7.18179488037
6.91433474864
6.86302698004
8.14844037311
7.90514080662
8.82747707087
8.72517357048
9.65339395763
6.87604337312
10.5337389812
11.0949817793
10.2124747863
10.5063688944
12.5078176368
11.842309964
13.6394860308
14.0665084194
10.4876689735
14.361405503
15.4619816567
14.8775366922
15.7981790423
16.4353136527
13.1677309351
17.6864921489
13.5533638684
17.1768691563
15.0489786366
14.7714664616
18.5578103931
16.7362731659
16.5853364983
8.3543178095
0.0
0.0
0.0
0.00657506157155
0.153365184532
1.69197116745
6.12134307736
6.63982287626
6.34454562102
6.40628589502
2.98894308402
6.33218691215
6.3966972416
7.44223335719
7.61648049808
2.838720847
7.94696941952
10.0110868805
10.8308102079
9.66578881657
10.0995688435
6.26946113765
10.9836959598
12.0142897571
12.853483378
4.5506950109
11.4216843402
13.4194802817
12.6076409582
13.8191140484
13.8785370645
14.5428709361
8.51277987715
13.1496662283
13.6326680095
15.1174177224
16.6196667277
15.7908075444
17.6599290839
13.4747748498
14.3665995239
12.955602537
17.9066770988
19.2210950375
19.4043448586
14.3512576784
16.481163956
15.123996604
18.0115929483
14.6470410015
19.424694112
18.9539711342
20.2818930932
11.9850709993
3.22666178356
18.605769839
21.1806961762
18.655471026
21.4261124336
21.9409432172
19.5999267533
21.4692347389
19.5911904247
22.0405320371
16.7850443642
23.2051805364
18.4153817982
19.3561885103
13.766642806
13.9621714305
11.6540227398
12.7085881707
13.7311381532
15.4325647983
14.1349536382
14.6637146044
13.0724509331
16.5171214063
5.26022872934
8.06293885569
7.51031279652
9.0679895457
9.97939105392
9.99068435684
10.039533219
12.040472108
10.253999434
10.6746216977
10.6559770938
9.02105841421
9.03826472008
12.0010520884
13.7741006476
13.7704249971
14.6752742588
13.9753025586
15.3445889031
11.2331074895
0.00527375938473
0.0
0.0
0.0
0.0
0.146549262065
0.791282346268
3.54376324925
4.86882087217
5.01170157563
6.12378971758
6.63159546096
1.04721257929
4.79956878346
6.96498376904
7.04234530308
6.82847477263
6.99497584463
7.92505199136
7.30075342218
4.32185165668
5.90895377697
9.11810586527
6.79140302254
8.21596225246
7.91230857727
7.64871942365
9.38517049546
8.59601205154
11.1733353714
11.7627504535
5.9864762127
5.91078805627
11.8923084968
13.604753036
10.6088922321
13.3747279756
13.1372692569
13.2461353425
14.2784162446
14.3157454374
13.9899516893
7.76939569347
10.5868808805
16.4088190218
14.7970024015
14.1576756141
15.730296582
16.7097695486
18.3377406989
12.0492841886
13.7848342109
17.2818394282
18.3836620421
10.7480078359
19.8909891029
17.8409406313
17.7214872143
10.8617653329
14.1694536181
16.9182981428
22.0945056094
15.5257905301
15.7117928873
18.4675883652
19.6427821512
15.0601732107
16.3484487066
20.5414824677
20.9146456744
16.7815317037
21.6209719267
19.0343484889
13.0200684637
22.8314031834
23.7337076979
20.0072566664
23.1778888893
23.6014143259
16.9875180512
22.2509020551
24.3501864448
20.9754986947
21.001757851
28.1019312226
11.7195966195
19.5880112148
24.3364776206
28.023089393
22.2912240194
20.1262595586
18.3848205343
29.4873591607
23.7356706986
20.1897513667
20.1260342962
8.3538228231
0.0
0.0
0.0
0.0
0.0
0.0
0.0
0.0094931998922
3.48802742982
5.89506572101
5.13745123799
3.96809403486
5.45242864465
3.22566263739
4.17654813087
4.70157314134
5.66000541614
5.68065835148
5.32535982615
3.91634979287
3.96676014351
5.63757992717
6.44602551851
6.92457918637
8.73333586982
7.10195092802
6.06120233744
6.3082139508
4.25058357747
5.43235760822
4.3556297601
4.19402300291
4.79301184164
7.44024905274
7.25017401016
8.73453547681
10.5939442228
7.0208700284
5.65779420026
4.66188763532
6.06890130771
4.68308666041
4.06380297798
5.2717714122
6.62679017844
7.20451732604
8.38049027222
8.38979170257
6.37272415977
6.14062706322
7.22458836247
4.77631581892
6.0954717074
6.60616409997
7.09691078818
5.74865995394
4.53336854568
4.99505609729
5.79141609577
6.55726668651
7.91659150472
9.23360779566
4.82936709541
5.13680667304
6.88991591561
5.31934388659
5.55126193732
5.62314883408
6.07489934268
8.6253891449
8.14609243688
2.56897628314
5.0489846983
5.36863520086
7.28657402538
5.56415323637
5.65084722244
5.57159259019
8.19992256268
7.08235436301
9.65053389225
6.10578474664
4.28943652042
5.14139024603
5.42517787083
7.15492163388
7.46561984544
6.02113188291
4.54218655232
6.48858470993
7.38410028356
8.40294261805
6.87402559908
4.78226014015
4.44312945237
4.37099189146
4.61198756527
5.24862078767
7.73381257931
6.15225608924
5.82604355737
6.71717250841
7.98807554838
8.88969658448
4.6215128029
1.43032543816
3.16257584269
