25.4987061306
37.4768956833
21.8676754345
0.190460354247
0.003242468017
0.0
0.0
0.0
0.0
0.0
0.0
1.23811008456
3.19408041736
0.00108082267233
0.000443414429676
0.602544783125
2.26483619647
0.0
3.33338183179
0.599683374384
0.00108082267233
1.91514849187
0.0
5.3904021561
0.73051834454
0.00108082267233
0.0
3.01176087491
2.5895264126
0.00216164534467
0.0
0.0
0.598387772847
0.0
0.155167336985
0.765984570564
0.599226103253
2.48715310615
0.0
0.00108082267233
0.0
0.889690268093
1.38425670924
0.00108082267233
0.0
12.3500271938
0.970661899962
0.00216164534467
0.0
0.600687985201
0.0
0.00144109689645
0.0
0.0
5.3208761592
0.00144109689645
0.0
0.0
7.00836598318
0.00696992056646
0.00288219379289
0.0
0.601346178495
0.0
0.00144109689645
0.0
3.19592335859
0.0
2.93236890695
0.0
0.00144109689645
0.096615847216
0.507189895694
0.897650942775
0.000360274224111
3.37062171553
1.88088087048
0.00288219379289
0.0
0.604609431563
0.0
0.000720548448223
0.00502998243663
4.5229657497
1.59320190253
0.00144109689645
0.0
3.46191658959
0.598263062539
0.0
0.00144109689645
0.0
2.91380092771
0.00144109689645
0.0
2.26951976139
0.0
0.598477841403
0.694497850479
23.9610611529
37.0451373642
18.9927968329
0.0
0.00432345918306
0.0
0.0
0.0
4.88110920285
0.365817304403
0.00108086479577
4.43292445812
0.0
0.00108086479577
0.0
0.600856897139
2.26784141427
0.00528653743057
3.92234055729
0.0
0.00108086479577
1.91686521495
0.0
4.46120015832
1.65971639424
0.00108086479577
0.0
3.97099333034
0.0
0.000360288265255
0.000720576530511
1.6268608759
0.598473451691
0.00108086479577
0.0
0.921028449782
0.00263287578456
0.601258757127
2.48969584222
0.0
0.000443431711083
0.602173335031
1.67008853911
0.000360288265255
0.000720576530511
10.5011003515
2.82323270378
0.00216172959153
0.0
0.599471173041
0.0
0.00108086479577
0.0
4.19272304312
1.12023321737
0.00108086479577
0.0
0.0
4.74388094551
0.0
0.00108086479577
0.0
2.86691765594
0.000360288265255
0.000720576530511
2.599001759
0.0
0.599803746825
0.348239394231
2.60584030742
0.000360288265255
0.602949340525
0.00494010640629
0.894166188159
0.0
4.92389343435
0.324093151838
0.0
0.0
0.605554501828
0.0
0.00108086479577
0.396005303859
5.72194579913
0.0
0.000360288265255
0.000720576530511
3.46153186602
0.597406444137
0.0
0.00108086479577
0.0
2.91431634869
0.0
0.00108086479577
2.2676474129
0.0
0.600281821638
2.6419869205
0.000720576530511
13.7814645793
40.5606633479
28.2047159617
3.1203540297
0.00431221024098
0.0
0.0
0.0
0.0
0.0
0.0
0.00419473015429
4.4143211681
0.00107805256025
0.0
0.599293564596
2.26014410315
0.0
3.32166652414
0.594469970449
0.00491343186112
1.90696440958
0.000359350853415
0.600889911657
4.50164342548
1.00173887805
0.0
0.599328117563
3.36205203158
0.0
0.000359350853415
1.77902859517
0.440875122987
0.00107805256025
0.0
0.918991433456
0.602396421004
2.48385383059
0.0
0.00107805256025
0.603564311277
1.66179037924
0.00107805256025
0.0
0.0
5.68170325394
1.80652584605
0.00107805256025
0.0
4.22607660565
2.15696203406
0.00107805256025
0.0
4.89437935529
0.406190855039
0.00107805256025
0.0
0.0
4.73333488822
0.0
0.00107805256025
0.0
2.85945839952
0.0
0.00107805256025
0.0978885545889
2.49435102186
0.594815500115
2.94675301453
0.0
0.000359350853415
0.60209926549
0.0026329360606
0.894355168217
1.66815503571
0.599189905696
0.0
0.00107805256025
0.0
3.5667092532
0.000359350853415
0.00071870170683
0.0
4.98045770587
1.12157547707
0.00107805256025
0.0
3.45252551953
0.595492738262
0.0
0.00107805256025
0.0
2.30962395143
1.79052091189
0.0
2.26462216763
0.0
0.00107805256025
1.93153156889
8.26252300143
42.9991549104
27.3038301642
0.00744224085054
0.00318953179309
0.0
0.0
0.0
5.07949294623
0.0824371294214
0.00106317726436
4.36089415934
0.0
0.00106317726436
0.0
0.590826688475
0.289565869284
1.94025761603
3.27858651946
0.584100047707
0.00106317726436
1.49081987324
0.391998909562
9.34446261841
0.0
0.00212635452873
0.0
0.000436175287944
0.590778981803
0.000354392421454
0.000708784842909
1.95574865399
0.23135691406
0.00106317726436
0.000436175287944
0.906385878825
0.593975328835
2.44690247393
0.00106317726436
0.0
7.89428882982
1.13588223267
0.00212635452873
0.0
0.00387787091938
0.58819600627
0.00106317726436
0.0
0.0
10.938717372
0.00453894909017
0.00212635452873
0.0
0.589470455939
0.000354392421454
0.000708784842909
0.0
5.68923192258
1.20767395897
0.00212635452873
0.0
0.591174265658
0.0
0.00106317726436
0.763115927213
1.79599263954
0.591296939958
0.0
2.90518639678
0.000354392421454
0.593593675458
0.00106317726436
0.883132283787
0.0
2.98986573979
2.16987664418
0.00212635452873
0.0
0.594738635589
0.0
0.00106317726436
0.000436175287944
4.7527703946
1.26139848702
0.00106317726436
0.0
3.40256252982
0.586369522252
0.0
0.00106317726436
2.27524023717
0.594459210795
0.0
0.00106317726436
2.23282219042
0.587998364343
0.0
2.60117222109
0.0
35.7968546358
45.8249876587
2.05766330221
0.00426351093977
0.0
0.0
0.0
0.0
0.0
0.0
0.0
4.36824709232
0.00106587773494
0.0
0.58931423408
2.23247408329
0.0
3.27915918645
0.58750360844
0.0
1.88706820422
0.0
0.171729301218
9.18847417211
0.00213175546988
0.0
0.0
0.591124859719
0.0
0.785285421218
0.818279803154
0.585897959288
0.00106587773494
0.0
0.905743270366
0.0
3.04275980343
0.0
0.00106587773494
0.000437283173309
0.592320555896
1.64568106
0.0
0.00106587773494
10.5800185504
2.54740679121
0.00213175546988
0.0
0.58865830932
0.0
0.000355292578314
0.000710585156628
4.48334139005
0.750220776758
0.00106587773494
0.0
0.000437283173309
4.67300613392
0.00106587773494
0.0
0.0
2.82143985734
0.0
0.00150316090825
2.56036813777
0.588207361047
0.0
2.91024250427
0.000355292578314
0.592443541789
0.0
0.300925981282
0.584975565095
5.16378133792
0.0
0.00213175546988
0.0
0.000437283173309
0.593154126945
0.0
0.00106587773494
5.24728192637
0.781889644075
0.0
0.00106587773494
3.40817138767
0.586260084416
0.0
0.00106587773494
0.0
0.929219910733
1.93860612572
0.00106587773494
1.05493882306
1.17875145405
0.586478726003
0.00106587773494
2.60439708728
0.000355292578314
0.589047764646
