0.822983063978
1.0843323506
1.37114033011
1.20051819493
1.41703070864
1.424006542
1.22335320321
1.11720071445
0.349080892638
0.0265260711442
0.0
0.0
0.0
0.0
0.0
0.553019001915
1.14053842347
1.1712031677
1.31797112053
1.02173578084
0.707534054961
0.429960618907
1.0956052422
1.16035034109
0.510530461168
0.760751468721
0.725555531645
0.56249456627
1.53919387118
1.51372829198
1.38809442854
1.513618111
1.64234392821
1.60020658934
1.53828487809
1.13876864146
0.992620456649
1.12213131335
1.33566894058
1.33350663883
1.07546966795
1.4451475177
1.1672435387
1.62218769502
1.5049069272
1.22760205729
1.36164410682
1.60808452947
1.64555983559
1.66148787364
1.64304633196
1.69414964815
1.63255847985
1.668043642
1.64206158945
1.6676166907
1.67726441283
1.64560803977
1.67111493684
1.63716542211
1.67583206008
1.64998084745
1.6837031139
1.64260560804
1.66741010136
1.65844412404
1.64953323721
1.72113710215
1.6732221481
1.66557145624
1.56686995631
1.69291011212
1.71334868407
1.67894467279
1.66459360003
1.64115948267
1.6785246078
1.68040457079
1.64316339926
1.65329316318
1.65453269922
1.70088446061
1.64786674988
1.66096451398
1.63638038262
1.68445372184
1.65437431406
1.67398652865
1.66969635671
1.68856484968
1.677732682
1.67592846844
1.67689255202
1.6718242269
1.68176117412
1.66802986938
1.65553121436
1.68450881233
1.66143966946
1.66588134025
2.73643182758
13.7394791493
4.38828661711
1.11219653648
1.4137253146
1.02853975036
1.124436996
1.31899480173
1.46371742551
1.67500522386
1.66659246656
1.66410889506
1.67997918985
1.67125257462
1.68310412322
1.66900780807
1.67898985505
1.68655656053
1.70023667276
1.62781736538
1.67375661511
1.72920712492
1.67336770419
1.67173018452
1.6911484386
1.70076886666
1.67634935459
1.70073475166
1.65409273308
1.65828887723
1.71287286621
1.68575826969
1.6629080473
1.69548786572
1.69428019497
1.66077927173
1.69812154319
1.68523972179
1.66048588279
1.7075168123
1.64181133556
1.69847633912
1.71474236784
1.68486445687
1.67197581247
1.69998422182
1.68752542633
1.67241248438
1.70616585857
1.67016089484
1.69827164916
1.66184365952
1.62632312869
1.67102059266
1.67123892862
1.69166698649
1.67089095569
1.67172336152
1.68379324608
1.63872051718
1.70617268157
1.62248860346
1.69576760867
1.67750926435
1.69088916465
1.65040149083
1.68754589533
1.68899237103
1.66207564147
1.67992460587
1.67110929164
1.69568573268
1.65564837677
1.64652602761
1.67547601076
1.72166771144
1.58671562168
1.70114413158
1.68505550083
1.68663843651
1.65024456186
1.62193594057
1.71618202055
1.62991884896
1.72041910269
1.66310591426
1.63946422403
1.64528424186
1.66217798645
1.67569434672
1.63801774833
1.6525166204
1.71911590995
1.67245342237
1.67909902303
1.68056596774
1.6609293777
1.63498151394
1.68799621324
11.8530989299
11.7410324568
0.649661729429
0.329477813971
1.08237471022
1.11495241783
1.30287700829
1.41167029089
1.45153032169
1.34379539405
1.61756588873
1.63781481241
1.66105656767
1.608328062
1.59215135177
1.70301929045
1.63510934874
1.65926227052
1.63912549041
1.62193948803
1.60780939798
1.69204323836
1.63566305763
1.63049043538
1.65038190143
1.58107717405
1.63871196099
1.69123019746
1.60030979662
1.67373580026
1.61541413394
1.65120896027
1.62796019604
1.63500421415
1.62906060484
1.65243553059
1.60586791239
1.64429811266
1.6257453605
1.63885914943
1.64574897012
1.63686860103
1.63756949835
1.62488325679
1.65263178184
1.63003485212
1.65181173197
1.60317646667
1.66512878112
1.6443401665
1.59958787237
1.63848767384
1.65190284862
1.62128765352
1.64005768385
1.6376886509
1.6078304249
1.65560358649
1.65499380582
1.65003846174
1.63992451336
1.60525112275
1.66356578009
1.63188522105
1.65831605913
1.64738906986
1.63081985712
1.575329816
1.66887157283
1.65722265931
1.61127883973
1.59941965702
1.65030480272
1.61125080384
1.53741127078
1.72232200274
1.64568588936
1.63108619811
1.63324496186
1.61175544991
1.66774312814
1.63076378534
1.60481656641
1.66747678716
1.60598005597
1.66594182202
1.58795998577
1.64038009662
1.67790613933
1.62523370545
1.61201478192
1.58442746326
1.68302969877
1.55391039378
1.70134414584
1.60923922852
1.66733660769
1.62275252893
1.35826892379
1.87443512629
15.2005525758
3.47975970087
1.19681266371
1.00471609547
1.42538059681
0.991747894919
1.44474453987
1.25661727411
1.62262230541
1.63313008216
1.62106584947
1.63710618139
1.63100269916
1.62761791725
1.64135415065
1.62515069671
1.62575560753
1.64562930691
1.63442826157
1.66942473151
1.65668762048
1.65804017389
1.64512634735
1.63223291106
1.66660407992
1.63768390521
1.66557777055
1.65486609127
1.6635115583
1.62966373925
1.67667006787
1.64666920978
1.62786260028
1.67554860399
1.67889940214
1.64079681708
1.66151331356
1.63832279979
1.65398251366
1.61816363687
1.70412214441
1.64714498234
1.67176281379
1.62785580353
1.66324648502
1.64793340544
1.62145326427
1.67904893066
1.64476611956
1.63164839049
1.63361944822
1.66632541314
1.62618380283
1.64143571166
1.63039778834
1.6250419487
1.6639669406
1.65121623608
1.64064728856
1.6664817384
1.6555797501
1.6254837375
1.63230767532
1.63995401998
1.68462906308
1.61861222243
1.66140456555
1.64839558449
1.64505837984
1.64202023223
1.63270868361
1.61111540628
1.70358520109
1.62701300643
1.60117855659
1.6476207549
1.6138205131
1.69532035211
1.63359226122
1.66224736265
1.6430193546
1.63924036115
1.65886937749
1.64532345312
1.63915880014
1.63676634385
1.61085712975
1.54016412454
1.72269766438
1.63856748281
1.65177356965
1.64454182678
1.64037541853
1.67344840799
1.64882377979
1.57467802517
1.66827608062
1.52923494923
15.5068351836
6.05593959597
1.36965056485
0.876067534577
1.35657440984
1.03497488103
1.28015278748
1.05398270337
1.57925240778
1.61140608745
1.64459833167
1.61184521206
1.64273030953
1.59587641082
1.6420681375
1.62638511577
1.62747944217
1.62713790081
1.61558822658
1.63458210846
1.6012504596
1.64122473944
1.63860393226
1.60389217748
1.6270263771
1.62306728539
1.59154789682
1.65916611631
1.63633163666
1.622544518
1.61387354954
1.63306956814
1.61898272951
1.6124655627
1.60073466244
1.63719594542
1.6244473913
1.5874772814
1.63717503472
1.63107608182
1.53833714663
1.7149349416
1.54029578179
1.70024866302
1.63217040823
1.60574625916
1.62816949513
1.619658842
1.63954491356
1.5972286358
1.63680561243
1.58784670369
1.6430300295
1.65095518315
1.63571825626
1.60415704629
1.64208207797
1.60034432945
1.56777243587
1.6834085828
1.61796507565
1.56826732233
1.63038602887
1.61047207638
1.62392462391
1.61643162464
1.64719822817
1.57817202184
1.62303940446
1.61651526742
1.56576500909
1.66835288193
1.58581139598
1.57886904503
1.65344355593
1.60169655444
1.62638511577
1.62411282017
1.5365597375
1.65186828353
1.59701952885
1.56478917662
1.68007681196
1.55892721161
1.64714943654
1.45914137199
1.74635674692
1.63771871281
1.59559760154
1.55446626321
1.67063911799
1.58500981931
1.65035574321
1.60810219754
1.57684070755
1.6266987762
1.5096685829
0.164086228739
2.28951903657
0.263460824683
