8.27262149529
14.1714299659
33.2534564461
5.8212592681
6.70579570819
6.1046534228
5.93406191141
3.71131713193
4.92074861267
3.78535911915
4.86014281618
4.47370765129
3.96221202093
4.03155447906
3.50719441077
3.04357261827
3.65845091598
3.38171558959
3.30945161411
3.73233253352
3.35787628699
2.5993555579
0.0
0.773497863335
1.3355099451
0.0
0.257518854333
0.758799632893
1.9867294084
0.229210118281
0.258711168093
0.254318433188
1.75591559325
0.394300252146
0.256507828045
0.117209323406
1.6694205512
0.869092141972
0.0
0.253962830839
0.00525733669529
1.59830008132
0.154798583517
0.48479059118
1.7068912772
0.253795488557
0.0
0.860815671605
1.34733546637
0.219957484601
0.0379030268907
0.871574385823
1.55856326192
0.230444267612
0.210014564008
0.427454941783
1.51712512932
0.0
0.905091650405
0.687658245224
0.254304487998
1.46598811695
0.935087754467
0.2592689757
0.0
0.808709468523
0.869573251033
0.253788515962
0.00525733669529
1.48793784629
0.311458849923
1.1060348682
0.256835540014
0.910906794707
1.48722664159
0.00596854139412
0.256598471781
0.574486054374
1.78631610783
0.0
0.254764679274
0.573558699228
1.34838832822
0.0
0.257393347621
1.11673082907
0.74807578165
0.0
0.25645901988
0.231636581371
1.85952835624
0.310831316365
1.33760869622
1.06292331278
0.0
0.254144118311
0.109427907289
1.23564843827
0.680239404052
1.76249075042
8.07161415491
5.28757809998
42.1942403913
5.42772735723
6.01320117611
6.29328324927
6.19177226182
4.27293601802
4.73013692533
3.39502900576
5.23665154777
4.12491807084
3.99679178081
3.9051393472
3.43955308355
3.39555963613
3.56853117497
3.18140838728
3.72042412029
3.54519042038
3.06146497621
3.16967168118
0.528228576017
1.02851527351
0.827797351561
0.253634338069
0.0
0.257230057069
1.84255114518
1.13540238452
0.258898749964
0.0
1.42108400455
1.24164017151
0.0
0.258396047502
0.980967998974
1.41945720353
0.0
0.253194473415
0.0
1.58843505058
0.211791340077
0.270516762422
1.88049121711
0.199873102538
0.0536285779368
0.95253738195
1.25732169554
0.257572174022
0.0
1.05434161251
1.60649742932
0.0
0.257760687446
0.719053034237
1.17925619236
0.0
0.890076601033
0.703546059677
0.254011364916
0.0
1.77219374642
0.888882682686
0.0
0.256322399846
1.38188019448
0.294569678838
0.193037745449
1.29947190059
0.231794708882
1.18634290068
0.256545823162
0.715415423365
1.68660167026
0.253438842667
0.00597657371617
0.551178339808
1.72086223945
0.0909821636628
0.254004382937
0.522014615027
1.39934910504
0.0
0.257104381453
0.985024528564
0.881502731263
0.0
0.255694021768
0.00527837585213
1.82678583741
0.57052540262
1.34746602176
1.05813980889
0.0
0.254325553955
0.130451288917
1.21374716684
0.83129532286
7.70961032331
7.62589382112
32.1092833219
17.5022265761
5.00532239649
4.40292231647
5.00480498919
3.55956220443
4.77767008041
3.75714970663
4.70364634176
4.46174117907
4.30069643023
3.93990486604
3.66780381295
3.38286415989
3.38347814989
3.42027615753
3.72651919409
3.74455256341
3.54079756612
1.69480557558
0.0
0.697747898464
1.14146260697
0.253115654331
0.0
0.85820625235
1.97882079425
0.368531977496
0.20785286316
0.0982590968828
2.12657852346
0.211129776101
0.253012172869
0.199105230298
0.478484479505
1.94833515576
0.00998251163304
0.249555892062
0.615907860107
0.973498397762
0.255902755021
0.874963350316
1.19641816169
0.0
0.252515461855
1.49275457302
0.696726881379
0.257006557275
0.0
1.68173241764
0.700893734887
0.253557175232
0.199574346256
0.060757415309
1.77000900289
0.110214655045
0.300903393157
1.5286419438
0.0
0.947386575695
1.43422545851
0.25527496749
0.237834891879
0.439416778484
1.24048056791
0.0
1.19194086379
0.287802640157
0.258565677959
1.40227728202
0.0
0.917094102592
1.46413160082
0.258358715036
0.0
1.47225144615
0.613327722339
0.255868261201
0.253481288827
1.73187263502
0.171144539456
0.148509694488
0.458622937701
1.49871510519
0.0
0.25421255782
0.0
1.35976019896
1.01843694702
0.652602386282
1.72888547017
0.0
0.253329516017
0.0
1.33366907319
0.17179302328
1.87435970846
7.94113337613
5.17712316151
36.010228573
11.295058748
5.83170997181
6.15942200887
6.08439619324
5.1123328961
5.13276213335
3.67447182607
4.51749183668
4.7701989897
4.16395718791
3.98393151182
3.74040635204
3.48508972677
3.65019117524
3.42513465993
3.79572855907
3.54895900198
3.48878764199
1.79782171862
0.0
1.07603750942
0.781229940554
0.254095615528
0.0
1.18540509615
1.96863051548
0.0808517763947
0.25888197371
0.0
1.03459992744
1.62869442661
0.0
0.258379615417
0.887443833552
1.51119840362
0.0
0.253656052022
0.0
1.44679188412
0.213523206162
0.204815662415
1.96999804638
0.118968211884
0.253963048757
0.379573553627
1.71697691943
0.302384806453
0.0682509558762
0.661752393179
1.85880243365
0.141330133125
0.258219139851
0.451075884011
1.44768496553
0.0
0.809724819291
0.784558064246
0.254946833747
0.0
1.7274496944
0.935146939801
0.0
0.256307387458
1.42618821691
0.251821048812
0.433346822584
1.06130864335
0.256914403729
1.0183081689
0.400707487929
0.0052608076805
1.91202450392
0.484838547626
0.2593982864
0.47927772041
1.78425106751
0.0988459713656
0.254939856549
0.582791437582
1.33806619966
0.0
0.257088833691
1.30945968575
0.556592057157
0.0
0.256160866289
0.0052608076805
1.93800061399
0.4586461444
1.39772822416
1.0075144428
0.0
0.254311908682
0.0052608076805
1.3407175351
0.763403198348
5.95772203247
4.31762947359
0.0
4.567135743
5.5629991627
5.95858944935
5.99911709353
6.03018576318
4.56032032466
4.46053984653
3.60053731657
4.15444495216
2.20341097919
3.63281761614
3.05121459876
2.79264864195
2.11827332409
2.51009103575
2.95882093263
3.27214430099
2.48116337126
2.41464075775
3.0857735887
1.34470957454
0.546686045861
1.07388963325
0.0
0.0
1.52263329865
0.524525609881
0.169352819234
0.256342340528
0.0
0.252253089527
0.0
1.41849508335
1.52254380326
0.0
0.256507562791
0.0
1.1338653146
1.24784113879
0.0
0.256011896003
0.218823118381
0.0369822497937
0.0
0.252287510832
0.325770112153
1.26008823901
0.0
0.619321883086
1.44749847471
0.252122288569
0.0
0.772028559357
1.15427026404
0.256603942444
0.0
1.13339718485
1.24220981334
0.0
0.256321687745
0.254559316944
0.0
0.0
1.57659213594
0.252156709874
0.0
0.255653914434
0.229727787717
0.0277986456938
0.254435400247
0.731356345697
0.674313359511
0.0
1.36835012663
0.110760874336
0.25234258492
0.255123826341
0.0
1.02519725559
1.34894339502
0.0
0.254586853987
0.741021848063
1.33897498518
0.0
0.0
1.38831448337
0.510495486076
0.0541102910235
0.255206437472
0.200834544533
0.237369317365
0.0164464993963
0.671518349567
1.1912938194
0.256404298877
0.621497309545
