57.453068836
68.25171336
92.4272988642
82.911850214
14.3745884938
3.07165822104
0.0
0.0
0.0
0.0
0.0
0.0
0.0
0.0
0.0
0.0
0.0
0.0
19.8428728789
36.2251049402
0.0
0.0
0.0
0.0
0.0
0.0
0.0
26.4394415954
0.758314907462
0.0
0.0
0.0
0.0
0.0
0.0
0.0
27.3305623686
0.0
0.0
0.0
0.0
0.0
0.0
0.0
0.0
27.0085625494
6.54277203252
0.0
0.0
0.0
0.0
0.0
0.0
0.0
27.337463234
3.97371729538
0.0
0.0
0.0
0.0
0.0
0.0
0.0
26.3022761581
5.0398795212
0.0
0.0
0.0
0.0
0.0
0.0
0.0
28.1806859883
2.22761223078
0.0
0.0
0.0
0.0
0.0
0.0
0.0
28.5079473594
2.14407883022
0.0
0.0
0.0
0.0
0.0
0.0
0.0
24.5347096885
2.55281193263
0.0
0.0
0.0
0.0
0.0
0.0
0.0
27.3935721374
65.0039969841
66.991638799
71.6757067459
40.3251519049
43.9368004613
11.9622406529
1.29180822282
0.0
0.0
6.5507251519
15.9118215284
1.99230407593
0.0
0.0
0.0
0.0
0.0
0.0
14.4725311571
11.1224304786
1.52923581851
0.0
0.0
0.0
0.0
0.0
0.0
22.8665880161
4.91425732913
0.0
0.0
0.0
0.0
0.0
0.0
0.0
24.6886663414
3.21025413581
0.0
0.0
0.0
0.0
0.0
0.0
0.0
26.1463006165
1.00186809775
0.0
0.0
0.0
0.0
0.0
0.0
0.0
27.0999352464
0.0
0.0
0.0
0.0
0.0
0.0
0.0
0.0
32.4159914845
1.02458331485
0.0
0.0
0.0
0.0
0.0
0.0
0.0
28.7071592673
2.32852618974
0.0
0.0
0.0
0.0
0.0
0.0
0.0
30.8371455183
0.0
0.0
0.0
0.0
0.0
0.0
0.0
0.0
29.162194527
0.98559630993
0.0
0.0
0.0
0.0
0.0
0.0
0.0
47.5454529722
59.4330545743
54.2223393066
54.2583901716
52.8491990085
57.4799699256
2.64222766194
0.0
0.0
0.0
0.0
0.0
0.0
0.0
0.0
0.0
0.0
0.0
0.0
0.0
16.1318275604
15.36972135
2.1847501072
0.0
0.0
0.0
0.0
0.0
0.0
0.0
31.5583672889
0.0
0.0
0.0
0.0
0.0
0.0
0.0
0.0
0.0
33.3511498088
0.0
0.0
0.0
0.0
0.0
0.0
0.0
0.0
13.2982311078
15.0231269337
0.0
0.0
0.0
0.0
0.0
0.0
0.0
0.0
28.8854190903
1.01691590888
0.0
0.0
0.0
0.0
0.0
0.0
0.0
0.0
31.7066781016
0.0
0.0
0.0
0.0
0.0
0.0
0.0
0.0
14.5233067266
16.4336641393
0.0
0.0
0.0
0.0
0.0
0.0
0.0
0.0
31.4670209963
2.90023709578
0.0
0.0
0.0
0.0
0.0
0.0
0.0
0.0
50.8867843621
59.6326361288
43.0325937835
59.253484445
63.9420317796
60.5400704721
0.326464568569
0.0
0.0
0.0
0.0
0.0
0.0
0.0
31.9756187827
0.0
0.0
0.0
0.0
0.0
0.0
0.0
17.0864479747
14.5416850995
0.0
0.0
0.0
0.0
0.0
0.0
0.0
24.0755122311
1.65631159209
0.0
0.0
0.0
0.0
0.0
0.0
0.0
28.609179277
0.0
0.0
0.0
0.0
0.0
0.0
0.0
23.2825201958
5.30594778454
0.0
0.0
0.0
0.0
0.0
0.0
0.0
25.5352317541
0.0
0.0
0.0
0.0
0.0
0.0
0.0
0.142459018933
27.0620977418
1.90812460517
0.0
0.0
0.0
0.0
0.0
0.0
26.4724730135
5.59148550881
0.0
0.0
0.0
0.0
0.0
0.0
0.0
26.349375752
1.81852483651
0.0
0.0
0.0
0.0
0.0
0.0
4.14064815755
26.5643243094
0.0
0.0
0.0
0.0
0.0
0.0
0.0
64.4493417893
65.7540467245
74.8164001808
77.8925252126
27.1886211475
0.0
0.0
0.0
0.0
0.0
0.0
0.0
0.0
0.0
0.0
0.0
0.0
0.0
14.7842594424
16.2534887991
0.0727209808187
0.0
0.0
0.0
0.0
0.0
0.0
25.3409842086
3.42581005113
0.0
0.0
0.0
0.0
0.0
0.0
0.0
30.6190782225
0.0
0.0
0.0
0.0
0.0
0.0
0.0
0.0
25.9922031696
0.0
0.0
0.0
0.0
0.0
0.0
0.0
0.0
24.4206827876
2.99889121162
0.0
0.0
0.0
0.0
0.0
0.0
0.0
26.4472583971
2.59067346535
0.0
0.0
0.0
0.0
0.0
0.0
0.0
28.3042246956
0.125752139891
0.0
0.0
0.0
0.0
0.0
0.0
5.14590101415
23.4881917568
2.91577445691
0.0
0.0
0.0
0.0
0.0
0.0
14.5588717195
9.12515890279
0.0
0.0
0.0
0.0
0.0
0.0
0.0
20.4344331761
