0.0564229016889
3.44150442316
0.800971140091
0.0
0.910013405222
3.79791171121
0.0
2.93313565437
1.51178266943
0.0
2.04715881038
2.97227383787
0.96416318642
3.42809076165
2.22905346194
3.18025310972
0.0
1.9087910403
2.72586532605
0.0
2.9347560967
2.05409070257
0.0
3.47502732386
1.83272027536
0.0
2.80581840074
2.2902251599
2.20407164268
0.0
3.60877008146
2.42366408456
0.0
1.27623337183
3.00525659114
0.0
3.40036319289
3.12171463054
0.0
2.92612499068
1.99435939779
0.0168796076054
2.16315547385
2.5690537714
1.9674420502
0.0
2.51551165607
0.841437186057
0.0
2.69403038611
4.13658415821
0.0
1.68593520763
2.9831330521
0.0
3.65004634859
3.28126068163
0.638859388649
1.517049107
2.18300589239
3.00983659133
0.0
2.76704031554
2.94393860324
0.0
2.13506780679
2.21001326456
0.0
3.63955848573
2.30656462006
0.0
4.35061758264
2.25763626415
2.14069434266
0.0
2.19137817776
3.63457337495
0.0
3.10854853661
2.10103851786
0.0
2.73836748875
2.99518509193
0.0
2.97175619657
1.60302257507
1.01331660377
1.0149370461
2.50065760138
3.97913117846
0.0
2.96612966071
1.14767828031
0.0
3.21968387308
3.67103332738
0.0
1.72716646247
1.13204776366
0.00650427546394
2.25586119897
1.20884157411
1.36139571093
1.99114761795
0.286383509779
3.92913365881
0.655528854679
0.896282573709
1.37395994643
0.787737035955
1.87289519502
1.91714021788
2.07368653921
1.31162512644
1.92159849499
0.925403229211
1.23680713054
2.45305214664
3.53066500945
0.0306405226992
2.34054144425
0.412998579769
3.12633305019
2.98566765233
0.0833292522085
2.26019788671
0.82899636414
2.23759577274
0.0617674029016
4.16821890141
0.579981322521
2.96040408203
0.952868918209
1.13442887613
0.600705556128
2.41820328055
2.63332866115
0.947748654495
3.0420851227
1.33559174341
0.330155685063
2.84357020182
2.83900384526
0.0
1.73276343943
1.58139142153
1.63999750066
1.77901468698
2.25167312047
2.44808049217
0.537938418359
2.1450797677
1.61576068509
2.54650709187
1.75018449499
3.68480656312
1.32129823679
1.21348899025
1.04205472535
0.488708231094
1.65993815829
2.32130330301
2.23443444897
2.29451311054
1.49400919013
1.20308634366
2.45407890137
1.33837478912
2.5167379597
1.56487553132
0.529501466672
3.06672723619
0.0101324479825
2.2480254392
0.742472013334
2.06864058012
1.42672973553
2.14240480143
2.25499656341
0.0821944180344
3.187533036
0.68148818641
2.85761377473
0.249474379261
2.20633379323
1.33715889536
2.01230416933
1.62856809934
1.79474700122
1.7605263469
2.33548873018
1.76086409516
0.485709026491
2.48032194165
0.113969774908
3.41260848052
1.04004850065
2.08206945118
1.5264870634
0.974963322501
1.47828829199
0.541592968889
2.23561350829
0.913221724048
0.587436414243
4.26624436126
0.437003825429
1.66973797869
0.609518325038
1.41088396199
1.73221998272
0.1899277419
4.63235435263
0.231404165467
0.522061343973
2.90872444572
1.11134877216
1.05121138579
1.72884016837
3.37260225138
1.98483539687
2.42520532544
2.25576899346
0.907572703714
1.7121056312
1.91970027285
0.0310147669779
3.60146984218
1.7111595574
0.0
0.422490504984
2.34213593298
1.14307652229
1.63580272305
2.98672754446
2.17950721895
2.27943454952
0.906256427132
0.0313438361236
1.94726666941
0.12570441364
3.99973263132
2.470870525
1.16737279421
1.25907339613
0.84556373658
2.22722224507
2.21743243799
1.83590418603
3.30092002249
1.87314384435
1.5951078387
0.0753499787476
2.31047673892
1.99097802092
0.212167331661
4.36334718166
0.0635377675401
2.45765291432
0.0103656780881
0.378155293214
1.75196413146
0.142980543787
3.43338406483
1.93089547941
0.543437127226
2.50630030302
0.355806013739
3.23614824565
1.07061275417
2.25089465674
2.24186582206
1.35979597713
1.2862764455
0.56657480153
2.75962184471
0.251271715136
4.64464645634
0.868413475382
2.47301633006
2.03019209411
0.565971508096
2.54592571264
1.36739198991
2.28160092139
0.473393388452
2.25622831914
1.39713846955
0.0310147669779
3.00769199128
0.207313561762
2.47989935969
0.0626876722471
2.64349471433
0.126252862216
2.6081472036
0.0416272469253
2.27118039845
2.38588841814
1.08440185994
0.55915730505
1.43663946781
1.61191455203
0.687983398875
1.76627768455
1.14163816551
2.59049961358
1.86014577222
2.2301254051
1.08436086951
1.79619386766
2.28147275204
1.05553093283
3.28303295033
1.40901874885
2.22642260281
0.712085772477
2.84531662973
1.78059700855
1.6982335686
2.05308773233
2.97360984795
1.33145118936
0.0
0.220712977314
2.31268013373
1.3580403158
1.2978390357
2.38498725454
1.10318914095
2.73966379307
0.563153872101
2.36016071665
0.322512713438
1.95427346595
0.534925128415
2.90509434204
0.22553618473
1.57095144769
2.55919658755
1.07476910859
0.000703669070585
0.0038189418491
0.0
0.0
0.0
0.0
0.0
0.0
0.0
0.0
0.0
0.0
0.0
0.0
0.0
0.0
0.00963958309315
2.66469912596
2.83729616868
0.533012241622
2.3873373726
1.7544656086
0.236610432919
3.21725697158
0.0837024607068
2.89039927242
0.634244943446
3.18544839689
0.686507743349
0.0837024607068
3.35197885577
1.0979696927
1.69285015862
2.3736738955
1.17079602564
1.08176480886
0.0307428234721
3.21728429853
0.0309067851973
2.68782456095
0.262065490754
2.48997741256
0.848310639152
3.69346330716
0.0310980738767
2.84544643277
0.884245583922
0.031972536411
0.242991276724
2.39215374828
2.66298435959
1.36028112604
1.71011396194
2.24381620915
1.17604280084
1.08993556817
2.00442525865
2.71575270814
