2.34545623854
1.34029878543
1.40926530427
1.46175394412
1.31885225524
1.53845023532
1.13149924949
3.02445283754
1.35357813793
1.230031635
1.31276275289
1.44852243283
1.38714899717
1.32016447124
2.87239980898
1.4189018905
1.3068577809
1.35549862072
1.45207635115
1.37964476194
1.4984823231
2.81675364939
1.53023521643
1.448167041
1.38590512576
1.47849836699
1.32913128055
1.49706075577
2.59728552402
1.65586622915
1.4713495236
1.29757658651
1.43853045477
1.45851441088
1.42818308489
2.21616879062
1.99364566238
1.40890991244
1.31827132629
1.51917706287
1.38106632927
1.46850638894
2.12193527939
2.03733835438
1.38466125435
1.4692171726
1.45780362722
1.38190696764
1.32755252068
2.04413180595
2.40242144858
1.38718316946
1.49777153944
1.40890991244
1.49528379661
1.4984823231
1.40642216962
2.66858259315
1.43675349561
1.51060665215
1.32790791251
1.41712493134
1.48493642672
1.3582392385
2.79894305102
1.50705273383
1.3371891069
1.49919310677
1.46293630541
1.35215657061
1.32506477785
2.8235060942
1.29042774312
1.49528379661
1.44994400016
1.3672402201
1.2565424988
1.45851441088
2.92737619165
1.42889386855
1.52845825726
1.51060665215
1.39996360651
1.43746427928
1.39643019156
2.93665738604
1.26144280541
1.50954047665
1.31933750178
1.42174502516
1.41748032317
1.48849034505
2.64710872513
1.51988784654
1.31471740796
1.48387025123
1.43031543588
1.42103424149
1.36858660839
1.36337959939
2.04483583407
1.72050917175
1.82078642209
1.70828593549
1.83433319348
1.61888243461
1.76317371615
1.89846841898
0.0
1.70471325568
1.8248348825
1.77739523095
1.74630513108
1.61753294781
1.87227453406
1.76839865224
1.84743013594
1.63197937707
0.0
1.74946258418
1.77064779692
1.81749921064
1.67716988395
1.83298370668
1.58819891089
1.83613250922
1.85962742053
1.83388336455
0.0
1.50805150541
1.86957556045
1.79234339249
1.70696240036
1.84518099127
1.79414270823
1.68976509414
1.82033659315
1.6654224283
0.200104671733
1.72140882962
1.79533648502
1.80948879537
1.64866630046
1.90526775635
1.84959277506
1.58274040978
1.70722191705
1.8171877906
0.0
1.61039623874
1.57424556335
1.95855518406
1.79279322142
1.84653047807
1.62762814718
1.81398708472
1.80723965069
1.84608064914
0.288184637477
1.43367402108
1.85382289716
1.77019796798
1.88402198971
1.80343340585
1.8248348825
1.83388336455
1.81128811111
1.88447181865
0.575469617083
1.29365611443
1.85962742053
1.73778433298
1.73585525889
1.75395222298
1.80768947963
1.80903896643
1.88402198971
1.73000748273
0.0
1.78646966466
1.83298370668
1.81853727741
1.75485188085
1.72216142803
1.67825120351
1.88312233184
1.60623532109
1.89711893218
0.0
1.74404733584
1.63018006133
1.86867590258
1.92376264603
1.92061384349
1.59070757226
1.77109762585
1.85962742053
0.449474262432
1.98551260496
1.31971749323
1.43821253246
1.2348732417
1.48814904443
1.51633482397
1.26461654856
2.97523241228
1.33754025107
1.36545961145
1.34856590501
1.4688848907
1.38440952722
1.43185946048
2.94917798592
1.33762905745
1.42619634579
1.3643529473
1.35401041938
1.28698209441
1.53844078194
2.88499146519
1.42929090665
1.37526930109
1.49991247448
1.51462700892
1.38447100856
1.45925281384
2.96844213965
1.52703257743
1.45783191172
1.38543421625
1.47066101835
1.42609387689
1.45889758831
2.7631286147
1.42179018297
1.43963343458
1.43963343458
1.5102550024
1.36399772177
1.28267840049
2.29854144056
1.90477394079
1.31658877607
1.54807285881
1.3241851374
1.36545961145
1.49920202342
1.91582691978
2.43090393797
1.30592517891
1.49564976812
1.46817443964
1.56769223807
1.43927820905
1.44535803062
2.94229207565
1.40825062527
1.37509168832
1.47851696757
1.44962073697
1.43679163034
1.37686781597
2.87760687293
1.36403870934
1.52596690084
1.36671656333
1.44962073697
1.35795888777
1.43071180877
2.87678029045
1.39826332288
1.48921472102
1.37686781597
1.36101929233
1.45854236278
1.42609387689
2.72839165664
1.45854236278
1.40682972315
1.37040544383
1.42573865136
1.39861854841
1.427514779
2.75931677151
1.46173939255
1.51988707927
1.39790809735
1.27308047993
1.5102550024
1.2980350734
3.02658982637
1.24809856142
1.51882140268
1.39939048081
1.39807887885
1.34903726196
1.40469836998
2.89924147395
1.47571060134
2.42893700534
2.36357212437
0.0
2.34112011169
2.2880111459
0.0
2.43290787608
2.47972295452
0.0
2.37398564708
2.10122001285
0.0
2.47615260388
2.3787461146
0.0
2.30587434254
2.49050266703
0.0
2.3502290832
2.16184731315
0.0
2.49407301768
2.32379475633
0.0
2.43793154253
2.18995238102
1.57693919676
0.866405088894
2.37636588084
2.47436742856
0.0
2.32141452257
2.25683923838
0.0
2.48990760859
2.47972295452
0.0
2.3578504086
2.46001736541
0.0
2.44388212693
2.32644963245
0.0
2.52396326086
2.39488135307
0.0
2.41715027085
2.39250111931
0.0
2.4928829008
2.40506600714
2.29152427939
0.0
2.36121477748
2.52812866994
0.0
2.25151804272
2.41042153311
0.0
2.42596171314
2.46061242385
0.0
2.14261090473
2.48031801296
0.0
2.40982647466
2.12719660245
0.0
2.41458694219
2.35725535016
0.0
2.24750139824
2.28914404562
0.016135238474
2.50961319771
2.51199343147
2.51020825615
0.0
2.12557163517
2.42774688846
0.0
2.31241998538
2.59266962384
0.0
2.54188367466
2.42417653782
0.0
2.31383897089
2.40685118246
0.0
2.1767008873
2.40982647466
0.0
2.44447718537
2.50782802239
0.0
2.42953206378
0.14836408994
