0.0679449181407
0.613732077874
0.739373966958
0.69653137834
0.70930875197
1.15287692267
0.434725460408
1.517367957
1.01237379644
1.21988273127
0.470212833412
0.555733495107
0.883887159476
1.63372157287
0.977907790753
1.52769816197
1.86306309085
2.26543382834
0.7953298151
0.794911671435
1.20351343501
0.924412820902
0.801355196763
0.894882281419
0.986435179592
0.770947241066
0.661900857109
1.63766309102
1.25004391365
1.03943660282
0.751095699204
0.925399914143
0.801848743384
0.893895188178
2.82687052884
1.86745017193
2.14780521703
2.02016857702
2.36551411535
1.51597642972
2.45429766859
4.84274799218
3.25869640285
2.9787526466
3.27484634506
3.29612368827
5.60914363663
3.17065316954
5.38896700521
5.47089574427
3.39823300028
5.91000143094
1.24694553764
0.665348828641
0.827883327635
0.924906367523
1.01793990556
1.50016237341
3.01639243126
0.702947484412
1.04944463152
0.584386618375
0.555239948486
0.875359770638
0.77133111066
1.69159676898
1.37167573644
1.61110068608
1.97606470259
1.44570087476
2.41506071223
2.21032112234
2.96890227863
1.0489510849
1.37445193619
0.813858377825
0.740813477936
0.831872829487
0.924412820902
2.51514099924
1.00952219375
0.678791119245
0.770837564039
0.862884008832
0.702076923011
1.37759829589
1.95288172104
0.737632844157
0.670757277028
0.38658410043
0.364018052153
0.370159965657
0.660255701706
1.2455197363
1.04993817814
1.17200870904
2.15337132614
1.74104739847
2.74930145159
0.277464555072
0.491183114049
0.644340934904
0.890191123986
1.10643474858
0.658327484335
4.27958465733
1.29500474301
1.38267420443
1.42680500079
1.04465571734
1.29229591251
2.08754184692
4.90684907033
3.00680865907
3.09451895713
2.55050003616
3.12729716738
5.03688654645
2.49794327961
2.01177626625
6.39422161534
2.6861797748
6.06947503648
5.58597601698
3.0069379751
0.930721489857
1.01773075892
1.17397174615
0.879076751615
0.766340398923
1.16466099208
0.971326722902
1.33108391504
2.757453325
1.70408579098
1.49306925639
1.59605926417
2.27803116346
1.56600349664
0.698687697537
1.09253667853
0.735549571853
0.826941973686
1.58285541702
1.06885823305
1.98460628799
3.79083812951
1.78861763717
1.13274715739
1.06636039186
1.1636809127
1.29335085906
1.29531101781
3.28008065237
0.856752721379
1.62358315999
1.45498228285
0.771240795804
0.827350340093
1.80636796366
0.673505102453
0.612386263575
1.22771276528
1.47175933606
1.36382809476
1.59230229323
3.73732851801
1.15641879677
0.583310575414
0.58023421515
0.755423403649
0.435155243042
0.960042197862
0.611896223887
0.704268705096
0.796151146616
1.53219075816
0.696421263979
1.85542638132
4.90510670699
2.71757634538
2.06380214648
1.17560521178
0.919804494583
0.918933312915
1.28684422098
0.96053223755
0.528426130345
0.869629875406
1.38852745626
1.30754159169
0.949125202588
1.28548299962
0.704758744784
0.796151146616
1.20342857629
0.973967492332
1.44655632266
4.38699863452
1.22482520488
1.70506616243
1.53336148491
1.93068733441
2.27548682917
3.0371413944
2.74282041413
2.84592991753
2.78043639924
3.35978086615
3.50219544916
6.27914902522
3.68240539015
2.46565196432
3.60073094444
6.9203173405
3.94981296642
5.40025934327
4.04406593448
1.1108860646
1.59821225042
1.74012608418
1.11471268577
1.48933291978
1.62780877358
1.68392258566
1.08260494247
0.810287033958
0.488402423028
0.273633309542
0.184365412427
0.349567823497
0.273005504505
0.311705200692
0.452348476639
0.911841972504
1.32135022926
1.69026042698
0.161196417027
0.148311466037
0.382303371836
0.563350386212
0.5377598571
0.87641583115
0.773366118707
0.86281338869
1.27785230887
1.73104533276
2.59597382651
2.69959155303
3.34306182011
5.33019929073
2.7982765257
2.91779864648
1.57682950983
1.36798717484
2.98228319239
0.922963090296
1.00621452248
1.38251637712
2.00245890306
1.03964514068
1.09469766329
0.738328618567
0.896475696845
1.52691153554
1.85142694853
2.02356511048
0.71599669655
0.785892323962
1.06783657637
1.87390834794
1.6835937354
1.82395300431
1.533070004
1.31217231753
1.45175430401
2.18494090038
0.953037941098
1.728855489
1.75148636579
1.38036390271
0.937791247351
0.878269350782
0.790907290386
0.829539721748
1.88377385566
2.03746650772
1.35187351223
0.919046782686
0.58929966106
0.505562427363
0.694830698172
0.499493645342
1.09396522409
1.52744965415
2.13982862417
2.49962070112
2.11192866939
0.412630962928
0.0
2.91536279474
9.93179280019
7.42020466387
12.6265802928
9.57652624135
16.5711341044
9.6841023807
9.1792410043
2.05195763669
0.0
2.22584551861
0.0
1.70446797961
2.52623160017
0.0
2.5549853289
0.845887621819
0.354876413262
1.81355268184
0.0
1.98911818972
2.92390698279
0.0
2.39814680853
0.0
3.47396022141
1.41862132308
0.0
1.3482390617
0.0
0.546619957572
1.48432183759
0.0
1.2868561582
0.0
1.46148531671
1.63892352334
0.0
1.81355268184
0.0
2.58801765409
3.11539043005
0.0
4.20769399582
0.0
2.73710528241
2.94013703863
0.0
3.10665116922
4.40224658826
0.0
3.41507424958
0.0
2.71822223667
2.17233055084
0.0
2.90866529574
0.0
2.39814680853
3.3644593639
0.0
1.85239817607
0.0
1.74270224578
0.995495444238
0.0
1.16918825337
0.0
1.34569011062
1.52031926913
0.0
2.30227503637
0.0
1.92934788793
2.09554990206
0.0
3.08516715299
0.0
3.35285903553
2.70573757833
0.0
3.83726377905
0.0
3.11476619714
2.28056993766
0.0
4.46789508335
0.0
2.33884468142
1.98818184035
0.0
2.16374734823
0.0189870845559
2.32032577155
3.40300574652
0.0
3.38879144281
