1.47073953409
0.96194589426
1.86702729276
2.08083509381
2.05804199289
1.78887662212
1.11428733126
2.70024251035
2.56188237361
1.38462175227
2.34496611528
1.55917514383
1.84490994343
1.56650704851
1.65488859813
2.56559224981
2.3328566469
1.49341099972
1.22054926778
1.57066292075
1.19156628236
2.07809829989
1.64810405223
1.85988459852
2.35485911847
1.97892499749
2.1744131731
1.10974628062
1.31347186804
1.99057495479
2.27582321325
1.69773124853
2.83883240263
1.35455756432
2.18440753902
1.00757264118
1.77584813159
2.73500992932
1.88734714288
1.69705549694
3.48777016337
1.65764566459
1.0947175654
1.41302359133
1.58685392869
2.47681876427
1.96465312404
1.99800822221
0.894918094685
3.67045960399
1.75403487047
1.70959744633
1.37712766721
2.04122929349
1.8747241033
1.53469266396
2.20424760552
3.62835352282
1.78322733888
2.17781220357
1.1291538661
1.21637988051
1.91297164293
1.81919083816
1.6855136599
3.56634655751
2.22668255809
2.08090942648
1.42051091888
2.24322495686
1.26406091225
1.99162912726
2.15632330321
1.22218458661
4.05075232268
1.91316085337
1.20145928554
1.12709958129
1.25289749609
1.08315545581
2.29537946408
2.38399752675
2.14286233166
3.33353662193
1.32339190129
1.45129816103
1.95175978383
1.57615002361
2.09780321607
1.65544947194
2.01046908141
3.36894600491
1.68375670578
2.23644041096
1.71411146691
1.82325886269
1.87012899253
1.67186347791
2.06817826665
3.7119845388
0.247123527627
0.453704814489
1.35011279614
1.27651879789
2.35285443006
2.78947938215
3.41644063548
3.64268444096
2.18225867331
0.936934617249
1.39507130101
2.29480318463
2.64467117461
2.08026325928
2.0283604522
1.87565602686
2.53786936714
2.04605671895
1.62621513097
1.31351086169
1.71912833402
2.74363918498
1.1067111024
1.48963865245
1.34722583905
1.78541911107
2.7836820602
1.1403402513
1.54194719404
2.32092624507
2.17408156239
1.30861863979
0.815370315644
0.503188819673
1.22406980974
1.55015551531
2.22320664858
3.2455639856
2.87103982148
2.06996384476
2.12626731077
2.06003895441
2.22888693174
2.13222848705
2.07196130697
1.47028823731
1.34023472132
2.10410796439
2.77856356329
1.77380886198
2.30510259914
1.9891914667
1.52631081019
1.26064833644
2.17364461753
2.27968957409
2.2309156043
1.92180832751
1.90198975715
2.51199598947
1.9150356822
1.85823285065
1.40892869509
1.67168080398
2.29396050526
0.781819192608
1.57933718976
1.30883711222
2.06181794419
1.88504253873
2.05869690949
1.66722552694
1.92984499186
1.70505246752
2.30126372646
1.81625493392
1.1520051185
1.94436560581
2.80022354411
2.2209595036
1.20425123939
1.46176781257
2.15364658768
2.48119137697
2.11515642723
1.86722143058
2.253823999
1.91672104094
1.33801878668
1.91984987823
2.16215920983
1.98216913862
1.38424911319
2.02433431743
2.18562939078
1.58960539393
0.968332226341
1.1447018973
1.32583894876
0.515138943503
1.16342411048
1.89422761265
0.820565730757
2.22501524176
2.66410773488
2.35779349853
2.23658094005
1.1320026407
1.72924144748
2.39039823376
1.54381509313
0.920840262772
3.23767401758
2.8653494421
2.11322551669
1.43362710544
2.32283666247
1.17666369648
2.2399792207
2.32214401928
1.98973300769
1.88693321404
1.54990458119
1.27524269568
1.42408161646
2.05045472747
2.78485853124
1.24654129344
1.66191797229
1.46462288825
1.72924144748
2.288442599
2.13365849083
1.66612433667
2.72381935
2.53375372927
1.97677480799
2.20248990797
1.28105079744
1.65885158316
1.31282580384
1.31195278482
1.30695276678
1.46000526697
1.86468205152
1.70771178828
0.00247475640244
0.00037518172865
0.0
0.0
0.0
0.0
0.0
0.0
0.0
0.0
0.0
0.0
0.113600698415
1.78219979149
2.33592473277
2.43235365207
2.7480618617
2.42737527913
1.55948614533
2.23158092201
1.49963022955
1.00314936201
1.88699093431
1.92690449821
1.63470286689
1.53631145856
2.13443771442
1.94820327635
1.54621048416
3.43076995227
1.93752502715
1.63504197346
2.43400589468
1.10138925465
1.89264752037
1.39757358432
2.32358702593
1.87215682596
0.0534489662661
0.714865493743
1.41644811128
2.01717899415
2.39902741352
2.75031295207
3.15825093164
1.40136147677
0.854663977864
1.28613739588
2.34251927316
1.84675269391
2.89403641427
1.67472465629
0.0711618728783
1.27382795426
1.45116827546
3.74501833165
2.9281022585
1.61392847801
2.58166936906
1.55316775912
1.26110187594
1.31261284213
1.16785455326
1.36492813464
1.97804291388
1.42796550599
2.65679890053
2.55923002796
1.03575417947
1.32784732796
1.92855639614
1.83552719586
1.72455742881
1.03582234272
1.84279339805
4.01176156837
1.45961370184
1.50576022044
2.4121337397
1.40443555293
1.11880428031
1.82486646394
2.26854104237
1.62752022957
3.56082078775
1.57666363056
1.32855622573
1.04840527822
1.4921752852
2.35716689686
0.995401536911
1.23768098407
1.81990417951
2.34887824596
1.89357501749
2.14289572812
0.0
0.00269244827901
0.0
0.0
0.0
0.0
0.0
0.000436244784447
0.790243794375
1.58258701678
3.26709172132
4.94360769324
2.87087239584
1.39232976016
0.939344082109
1.48535896044
2.24557002794
2.12404859017
1.27467999485
1.56760473496
3.65128704992
2.12478475324
1.60663501052
1.93267345629
1.30587149694
0.929235472495
1.9885945846
2.5606750888
0.735304216834
3.52723675567
1.7866405147
2.02897449246
1.43739929945
0.597355436402
1.45463096844
2.09629251576
2.83804497581
1.72442110232
3.43054718899
2.3673095881
1.14656035472
1.07057196633
1.37493449938
2.06332876924
2.68445273007
1.5876583624
1.62991957589
2.29697874926
1.80777112145
2.69956452205
1.7249664083
2.05498558773
1.34480634395
2.22520284956
1.72191269481
1.95636700115
2.37156297475
0.0447481730199
1.06704325499
1.78139443018
2.24936203832
3.86408058463
2.72377641714
0.307580485878
1.56087695042
2.37405490816
1.39859371914
1.76470867075
1.77543748766
0.866585028639
2.19054315623
2.79619198104
2.04882480743
2.40474027257
1.55648429785
2.68308907762
1.86172624926
1.4505234051
1.41298044638
1.95457238791
2.97392060043
2.0415721904
1.83922575548
2.35800118507
1.52469286984
1.31204424254
0.882093620383
1.1342208177
2.82852063994
2.08401343077
1.33443412996
1.93232470867
1.85708078214
2.38562117322
1.55055895714
2.38359865692
2.28553821845
2.43833300415
1.42932648627
2.23355322931
1.40713411021
1.40745012838
1.53539008493
1.22750148134
1.38490223188
1.44156428995
2.39396405293
0.0
0.00312067943907
0.0
0.0
0.0
0.0
0.0
0.0
0.0
0.0
0.0
0.124819277108
1.28622555797
2.29779972348
2.60245704128
3.65440252815
2.83797748371
2.44850878926
1.32259924946
1.48570412799
2.29163736915
2.01584831128
1.99252617025
0.904641516887
1.58407268418
2.43081177168
0.664870630061
1.78276120877
1.70080979656
1.77760221213
2.25643294489
1.37869247482
1.43494370926
1.80222792811
3.13139245507
2.38031206794
1.47744815327
2.41343077227
1.20782144973
1.33343867272
2.32437685167
2.95657120284
1.82279281059
2.18055698203
2.29492395813
1.66370926328
2.34839423267
0.478301402331
0.0
