1.29951482044
20.3822496626
39.563975912
71.0004974658
50.4010399528
2.61690060736
0.0
0.0
0.0
0.0
3.86444528262
10.2082672122
0.0
13.0349179783
14.4579349239
0.0
0.0
0.580648320859
0.0
0.0
13.8277840259
0.765296645156
0.0
5.83028596124
0.0
0.0
30.7861558434
0.0
0.0
0.0
0.573328098057
0.00136094283095
0.0
0.0
0.570805542405
0.0
1.43273600201
1.79306280012
0.592876185992
7.24661504134
0.919791150263
0.0
0.0
5.70648140431
0.0
0.0
0.0
9.0635355817
25.3257026598
0.0
0.0
0.573183755635
0.0
0.0
0.0
0.0
26.4509549368
0.0
0.0
0.0
0.651135536675
0.0
0.0
0.0
2.53454981919
20.705796637
0.00298307671026
0.0
0.0
0.573582415656
0.0
0.0
0.0
0.578283854527
2.7530017639
0.00680471415475
0.0
5.4182364621
0.0
0.0
0.29095308098
20.4554106499
6.4149896168
0.0
0.0
0.0
0.0
0.0
0.0
10.1115028022
6.65086575382
0.0
0.0842478599947
0.0
0.571300430707
0.00861930459602
0.0
6.34578773588
0.00609674894471
51.9227555275
7.62485508417
1.03349363216
12.8294419927
34.7662159865
40.8040907065
20.8716749691
5.53751914242
18.004148546
33.1443695707
8.31289473973
5.95374700972
8.02967740953
0.0
0.00261123320731
12.8098442139
0.0
0.280064908763
6.32544185059
0.00178592115733
3.03294060544
7.17740742087
0.0
4.01559636829
1.19896193333
0.00259770350157
5.77111627683
21.7371364209
0.0
0.0
0.288203026764
0.000446480289333
0.000892960578666
4.25255563457
0.288338323822
0.0818614845639
0.0
2.97831441852
6.51079881919
21.0364126662
22.4028655917
0.0
0.0
0.286856821043
0.0
0.0
0.0
0.370490697059
0.000365302054909
0.0
0.0
3.86037681922
36.998258896
9.25645641786
0.0
0.0
0.083606816604
0.0
0.0
0.0
0.0
0.00412656024989
0.0
0.0
7.01182411721
0.0
0.0
7.0842080429
0.338614710342
0.0964126830844
8.14455814095
0.0
0.289840121159
0.0
2.72568775299
0.0
4.42329375613
8.6826954218
0.001339440868
0.001339440868
0.188996459445
0.101466028177
0.0
0.0
12.6495983791
21.0765214788
0.0
0.0
0.0
0.0
0.0
0.0
0.0
0.0
0.0
0.0
6.22426671109
0.0
0.371038650141
1.30441280281
10.2855598216
26.7901585716
8.93067268126
5.88558736936
8.49868976085
2.35141268229
13.4170968131
25.4019799935
3.95614400579
8.34742514764
18.6553192955
4.06676193592
5.0697474217
4.92512869957
21.0259671838
11.9467089065
4.98385358379
4.99359859507
29.2204128717
9.78429434755
2.56136085811
0.576085122501
0.0
4.16861279937
27.1560062671
0.585389370018
0.0
0.0
0.0
0.00272722577091
0.580361908369
0.0
0.00265835643326
13.9271362408
0.587379693876
0.0
0.0
0.0
0.579039617086
0.0
0.0
0.0
0.574356502126
1.5153733579
21.7993422978
0.0
0.00264458256573
0.575857853687
0.0
0.0
0.0
3.16919474527
41.8137222155
2.92665759887
0.0
0.57622974811
0.0624851500491
0.00491727070815
0.0
0.576381260653
0.0059089891703
0.0
0.0
0.0
11.9957232141
10.8138633977
0.0
0.0
0.57425319812
0.0
0.0
0.0
0.0
0.578509323187
2.76522098449
0.00545445154181
0.0
13.5185757821
0.0
0.0
0.0
0.580933523872
0.0
0.0
1.79524457224
25.0677984194
15.3295983196
0.0
0.0
0.0
0.0
0.0
0.0
0.0
0.594239079906
0.0
0.0
11.0818546513
1.3074991092
16.6286562915
43.7985846026
66.8791016917
59.5246879598
0.55671256059
0.000374526315242
0.0
0.0
9.4802875183
9.07352419726
0.00423076022773
0.00267716958673
22.1811823068
0.0
0.579496244767
0.0
0.0
0.0
11.0463901125
0.585655121951
0.0
5.48417496274
0.0
0.586327882184
26.1552116811
0.0169369122559
0.000742116957979
0.587500010837
0.0
0.00274652631177
4.35856386497
0.0
0.581923730143
0.000998736840645
0.281324748127
3.35641467346
0.597785613161
6.79710470351
0.0
0.00423076022773
0.00266329824172
2.1760880553
3.66132764377
0.0
0.577103437753
2.84257150462
31.0624080482
12.3983468825
0.0
0.580203683362
0.0
0.0
0.0
0.0
0.579392209679
0.0
0.0
0.0
13.5441615942
6.83597221223
0.0
0.0
0.58122322722
0.0
0.0
7.2589719426
0.0
0.582436969909
7.56643030473
0.858025916874
0.0
0.594962794452
2.78250164505
0.0
2.88105755134
2.58713068628
0.0
0.0
2.97149178513
5.2661174192
0.584129274
0.0
0.0
8.13303313431
34.1180503478
0.0
0.0
0.0
0.0
0.0
0.0
0.0
0.0
0.0
0.0
6.38464025967
0.484650923268
0.0986807483937
7.19592667954
